id,time,vol
ULB4A,1514658599752,363489.0
ULB4A,1514662199472,363471.0
ULB4A,1514665799755,363449.0
ULB4A,1514669399628,363482.0
ULB4A,1514672996860,363448.0
ULB4A,1514676597103,363381.0
ULB4A,1514680195437,363333.0
ULB4A,1514683801715,363235.0
ULB4A,1514687397799,363209.0
ULB4A,1514691003029,363137.0
ULB4A,1514694597231,363078.0
ULB4A,1514698198833,363001.0
ULB4A,1514701804173,363030.0
ULB4A,1514705404602,362955.0
ULB4A,1514709000152,362962.0
ULB4A,1514712604410,362881.0
ULB4A,1514716204635,362876.0
ULB4A,1514719796611,362975.0
ULB4A,1514723404070,363030.0
ULB4A,1514727001664,363034.0
ULB4A,1514730599587,362974.0
ULB4A,1514734201019,362887.0
ULB4A,1514737800820,362829.0
ULB4A,1514741402092,362744.0
ULB4A,1514744999494,362708.0
ULB4A,1514748596730,362775.0
ULB4A,1514752201908,362831.0
ULB4A,1514755803809,362760.0
ULB4A,1514759396234,362752.0
ULB4A,1514763004625,362785.0
ULB4A,1514766595253,362767.0
ULB4A,1514770195408,362843.0
ULB4A,1514773802244,362931.0
ULB4A,1514777397579,362898.0
ULB4A,1514781002957,362834.0
ULB4A,1514784602286,362847.0
ULB4A,1514788197022,362931.0
ULB4A,1514791796126,362944.0
ULB4A,1514795401823,362873.0
ULB4A,1514798995807,362780.0
ULB4A,1514802604209,362708.0
ULB4A,1514806201159,362713.0
ULB4A,1514809795717,362708.0
ULB4A,1514813395230,362780.0
ULB4A,1514816995948,362806.0
ULB4A,1514820600880,362886.0
ULB4A,1514824204951,362868.0
ULB4A,1514827802754,362923.0
ULB4A,1514831397066,362936.0
ULB4A,1514835002845,362882.0
ULB4A,1514838595282,362904.0
ULB4A,1514842198202,362999.0
ULB4A,1514845796496,362924.0
ULB4A,1514849400554,362828.0
ULB4A,1514852995089,362757.0
ULB4A,1514856600193,362839.0
ULB4A,1514860204188,362755.0
ULB4A,1514863800511,362816.0
ULB4A,1514867396871,362842.0
ULB4A,1514871002490,362828.0
ULB4A,1514874604535,362729.0
ULB4A,1514878202972,362708.0
ULB4A,1514881803971,362708.0
ULB4A,1514885398549,362708.0
ULB4A,1514889001827,362708.0
ULB4A,1514892599181,362715.0
ULB4A,1514896200650,362786.0
ULB4A,1514899800696,362885.0
ULB4A,1514903400638,362923.0
ULB4A,1514906996870,362961.0
ULB4A,1514910600319,362927.0
ULB4A,1514914200486,363026.0
ULB4A,1514917796812,363105.0
ULB4A,1514921401846,363136.0
ULB4A,1514925003006,363223.0
ULB4A,1514928603514,363151.0
ULB4A,1514932196336,363057.0
ULB4A,1514935803912,363006.0
ULB4A,1514939403772,362918.0
ULB4A,1514943004076,362893.0
ULB4A,1514946598083,362806.0
ULB4A,1514950200253,362856.0
ULB4A,1514953803912,362892.0
ULB4A,1514957398091,362889.0
ULB4A,1514961003770,362970.0
ULB4A,1514964599059,362905.0
ULB4A,1514968198061,362996.0
ULB4A,1514971797633,362966.0
ULB4A,1514975401508,362884.0
ULB4A,1514979001873,362799.0
ULB4A,1514982600333,362737.0
ULB4A,1514986200419,362708.0
ULB4A,1514989801545,362763.0
ULB4A,1514993397384,362713.0
ULB4A,1514997003591,362813.0
ULB4A,1515000598541,362743.0
ULB4A,1515004200780,362708.0
ULB4A,1515007795875,362708.0
ULB4A,1515011402530,362803.0
ULB4A,1515015003721,362897.0
ULB4A,1515018601721,362799.0
ULB4A,1515022203639,362744.0
ULB4A,1515025801471,362833.0
ULB4A,1515029400712,362790.0
ULB4A,1515032997416,362708.0
ULB4A,1515036601540,362713.0
ULB4A,1515040203033,362708.0
ULB4A,1515043800775,362796.0
ULB4A,1515047395976,362792.0
ULB4A,1515051000977,362859.0
ULB4A,1515054600136,362844.0
ULB4A,1515058198859,362910.0
ULB4A,1515061795428,362932.0
ULB4A,1515065404691,362895.0
ULB4A,1515069002633,362835.0
ULB4A,1515072597700,362839.0
ULB4A,1515076195232,362827.0
ULB4A,1515079797766,362761.0
ULB4A,1515083398328,362781.0
ULB4A,1515087001310,362766.0
ULB4A,1515090600924,362784.0
ULB4A,1515094200257,362820.0
ULB4A,1515097799430,362764.0
ULB4A,1515101401579,362790.0
ULB4A,1515105002495,362708.0
ULB4A,1515108600854,362708.0
ULB4A,1515112203858,362776.0
ULB4A,1515115799497,362728.0
ULB4A,1515119396861,362708.0
ULB4A,1515122999040,362751.0
ULB4A,1515126596180,362827.0
ULB4A,1515130197730,362769.0
ULB4A,1515133796770,362708.0
ULB4A,1515137396867,362746.0
ULB4A,1515140999852,362791.0
ULB4A,1515144597926,362863.0
ULB4A,1515148203956,362767.0
ULB4A,1515151796991,362709.0
ULB4A,1515155401111,362708.0
ULB4A,1515158999762,362708.0
ULB4A,1515162601508,362708.0
ULB4A,1515166198876,362708.0
ULB4A,1515169804698,362715.0
ULB4A,1515173397837,362723.0
ULB4A,1515176997101,362708.0
ULB4A,1515180597726,362708.0
ULB4A,1515184203845,362708.0
ULB4A,1515187802885,362708.0
ULB4A,1515191400003,362786.0
ULB4A,1515195000226,362748.0
ULB4A,1515198604241,362811.0
ULB4A,1515202202342,362883.0
ULB4A,1515205802133,362782.0
ULB4A,1515209400159,362848.0
ULB4A,1515212996945,362840.0
ULB4A,1515216600002,362918.0
ULB4A,1515220200282,362826.0
ULB4A,1515223803734,362897.0
ULB4A,1515227402644,362958.0
ULB4A,1515230995113,362935.0
ULB4A,1515234595623,362864.0
ULB4A,1515238202978,362790.0
ULB4A,1515241800209,362816.0
ULB4A,1515245402786,362831.0
ULB4A,1515249003623,362825.0
ULB4A,1515252601496,362761.0
ULB4A,1515256198761,362824.0
ULB4A,1515259803296,362850.0
ULB4A,1515263400033,362864.0
ULB4A,1515266997927,362809.0
ULB4A,1515270596520,362754.0
ULB4A,1515274195422,362829.0
ULB4A,1515277796726,362900.0
ULB4A,1515281396424,362964.0
ULB4A,1515284999524,363031.0
ULB4A,1515288600178,363117.0
ULB4A,1515292197775,363106.0
ULB4A,1515295801535,363027.0
ULB4A,1515299402667,363006.0
ULB4A,1515303001517,363095.0
ULB4A,1515306599586,363187.0
ULB4A,1515310196216,363195.0
ULB4A,1515313797641,363272.0
ULB4A,1515317397545,363308.0
ULB4A,1515321000926,363298.0
ULB4A,1515324603786,363288.0
ULB4A,1515328196591,363256.0
ULB4A,1515331800057,363317.0
ULB4A,1515335401194,363282.0
ULB4A,1515338997975,363336.0
ULB4A,1515342600205,363431.0
ULB4A,1515346198716,363377.0
ULB4A,1515349803977,363476.0
ULB4A,1515353398986,363487.0
ULB4A,1515356998168,363428.0
ULB4A,1515360599754,363471.0
ULB4A,1515364197593,363556.0
ULB4A,1515367804391,363559.0
ULB4A,1515371395684,363598.0
ULB4A,1515375002821,363539.0
ULB4A,1515378595359,363475.0
ULB4A,1515382203341,363394.0
ULB4A,1515385799659,363436.0
ULB4A,1515389403401,363472.0
ULB4A,1515392995452,363465.0
ULB4A,1515396601383,363555.0
ULB4A,1515400204083,363599.0
ULB4A,1515403798108,363539.0
ULB4A,1515407398698,363555.0
ULB4A,1515410995654,363607.0
ULB4A,1515414600028,363687.0
ULB4A,1515418201517,363614.0
ULB4A,1515421799390,363618.0
ULB4A,1515425397240,363641.0
ULB4A,1515428996735,363701.0
ULB4A,1515432603576,363616.0
ULB4A,1515436204216,363638.0
ULB4A,1515439804627,363721.0
ULB4A,1515443404736,363788.0
ULB4A,1515446996704,363730.0
ULB4A,1515450602366,363716.0
ULB4A,1515454195930,363774.0
ULB4A,1515457797868,363677.0
ULB4A,1515461398692,363631.0
ULB4A,1515465004805,363573.0
ULB4A,1515468600199,363673.0
ULB4A,1515472195275,363769.0
ULB4A,1515475798314,363677.0
ULB4A,1515479403911,363730.0
ULB4A,1515483003599,363733.0
ULB4A,1515486597054,363725.0
ULB4A,1515490196870,363801.0
ULB4A,1515493803469,363743.0
ULB4A,1515497395985,363693.0
ULB4A,1515501003761,363710.0
ULB4A,1515504598532,363623.0
ULB4A,1515508199110,363691.0
ULB4A,1515511800182,363649.0
ULB4A,1515515402170,363621.0
ULB4A,1515519004200,363602.0
ULB4A,1515522599581,363565.0
ULB4A,1515526199234,363645.0
ULB4A,1515529803016,363630.0
ULB4A,1515533400613,363598.0
ULB4A,1515537003991,363593.0
ULB4A,1515540602257,363607.0
ULB4A,1515544201652,363630.0
ULB4A,1515547803747,363628.0
ULB4A,1515551398674,363694.0
ULB4A,1515554995578,363789.0
ULB4A,1515558602099,363814.0
ULB4A,1515562204903,363755.0
ULB4A,1515565795687,363666.0
ULB4A,1515569397359,363633.0
ULB4A,1515572995873,363557.0
ULB4A,1515576596830,363643.0
ULB4A,1515580199640,363645.0
ULB4A,1515583802074,363627.0
ULB4A,1515587395095,363607.0
ULB4A,1515590997650,363691.0
ULB4A,1515594597570,363699.0
ULB4A,1515598195825,363719.0
ULB4A,1515601802838,363675.0
ULB4A,1515605399811,363736.0
ULB4A,1515609001292,363659.0
ULB4A,1515612603186,363580.0
ULB4A,1515616199273,363484.0
ULB4A,1515619801390,363584.0
ULB4A,1515623398725,363683.0
ULB4A,1515627001272,363687.0
ULB4A,1515630599719,363736.0
ULB4A,1515634201481,363769.0
ULB4A,1515637797625,363774.0
ULB4A,1515641398676,363861.0
ULB4A,1515645004254,363828.0
ULB4A,1515648604436,363830.0
ULB4A,1515652195069,363894.0
ULB4A,1515655795955,363877.0
ULB4A,1515659399960,363791.0
ULB4A,1515662998585,363876.0
ULB4A,1515666604749,363881.0
ULB4A,1515670200686,363789.0
ULB4A,1515673800009,363790.0
ULB4A,1515677397101,363784.0
ULB4A,1515680996133,363839.0
ULB4A,1515684602757,363742.0
ULB4A,1515688203070,363669.0
ULB4A,1515691798285,363754.0
ULB4A,1515695395925,363793.0
ULB4A,1515699000003,363694.0
ULB4A,1515702600799,363793.0
ULB4A,1515706197233,363698.0
ULB4A,1515709800298,363659.0
ULB4A,1515713398332,363682.0
ULB4A,1515717001229,363617.0
ULB4A,1515720598667,363614.0
ULB4A,1515724204091,363703.0
ULB4A,1515727796817,363692.0
ULB4A,1515731401989,363763.0
ULB4A,1515735004136,363722.0
ULB4A,1515738598777,363823.0
ULB4A,1515742203019,363912.0
ULB4A,1515745798138,364003.0
ULB4A,1515749397949,364051.0
ULB4A,1515753003934,364057.0
ULB4A,1515756596171,364005.0
ULB4A,1515760198670,364077.0
ULB4A,1515763803515,364134.0
ULB4A,1515767397550,364037.0
ULB4A,1515770997120,363955.0
ULB4A,1515774595930,363945.0
ULB4A,1515778198123,363955.0
ULB4A,1515781799017,364019.0
ULB4A,1515785397808,364053.0
ULB4A,1515788996625,363953.0
ULB4A,1515792595411,364039.0
ULB4A,1515796198439,364120.0
ULB4A,1515799800301,364152.0
ULB4A,1515803401041,364058.0
ULB4A,1515806999854,364157.0
ULB4A,1515810599753,364243.0
ULB4A,1515814198785,364264.0
ULB4A,1515817803665,364264.0
ULB4A,1515821402983,364196.0
ULB4A,1515825001278,364113.0
ULB4A,1515828602834,364191.0
ULB4A,1515832198707,364264.0
ULB4A,1515835797279,364264.0
ULB4A,1515839404155,364179.0
ULB4A,1515842999582,364264.0
ULB4A,1515846601954,364221.0
ULB4A,1515850201601,364211.0
ULB4A,1515853795617,364110.0
ULB4A,1515857397935,364148.0
ULB4A,1515860999365,364199.0
ULB4A,1515864602149,364258.0
ULB4A,1515868201659,364242.0
ULB4A,1515871804696,364264.0
ULB4A,1515875397402,364245.0
ULB4A,1515879003193,364203.0
ULB4A,1515882598429,364223.0
ULB4A,1515886200614,364257.0
ULB4A,1515889803291,364264.0
ULB4A,1515893396041,364264.0
ULB4A,1515897003670,364243.0
ULB4A,1515900599471,364189.0
ULB4A,1515904204076,364149.0
ULB4A,1515907803624,364172.0
ULB4A,1515911396317,364217.0
ULB4A,1515915003830,364224.0
ULB4A,1515918602922,364236.0
ULB4A,1515922203652,364264.0
ULB4A,1515925804951,364186.0
ULB4A,1515929397605,364136.0
ULB4A,1515933002509,364129.0
ULB4A,1515936597989,364042.0
ULB4A,1515940203247,364067.0
ULB4A,1515943795568,364082.0
ULB4A,1515947399255,364090.0
ULB4A,1515951004078,364079.0
ULB4A,1515954597564,364038.0
ULB4A,1515958202216,363995.0
ULB4A,1515961798835,364093.0
ULB4A,1515965397066,364107.0
ULB4A,1515968999503,364108.0
ULB4A,1515972602405,364021.0
ULB4A,1515976204662,363995.0
ULB4A,1515979796816,363979.0
ULB4A,1515983395057,364004.0
ULB4A,1515986998379,363987.0
ULB4A,1515990595440,363930.0
ULB4A,1515994196095,363870.0
ULB4A,1515997802024,363971.0
ULB4A,1516001396629,364026.0
ULB4A,1516004999963,364070.0
ULB4A,1516008604722,364032.0
ULB4A,1516012201507,364063.0
ULB4A,1516015803709,364159.0
ULB4A,1516019398394,364128.0
ULB4A,1516023000269,364186.0
ULB4A,1516026600009,364258.0
ULB4A,1516030196081,364264.0
ULB4A,1516033795707,364202.0
ULB4A,1516037401677,364264.0
ULB4A,1516040996701,364264.0
ULB4A,1516044597678,364264.0
ULB4A,1516048197669,364264.0
ULB4A,1516051802379,364264.0
ULB4A,1516055396797,364227.0
ULB4A,1516059002073,364173.0
ULB4A,1516062598138,364137.0
ULB4A,1516066197129,364068.0
ULB4A,1516069796461,364162.0
ULB4A,1516073402544,364226.0
ULB4A,1516077003589,364188.0
ULB4A,1516080598003,364219.0
ULB4A,1516084203888,364264.0
ULB4A,1516087803677,364210.0
ULB4A,1516091404205,364224.0
ULB4A,1516095001679,364264.0
ULB4A,1516098601344,364264.0
ULB4A,1516102203779,364206.0
ULB4A,1516105804656,364131.0
ULB4A,1516109396573,364043.0
ULB4A,1516112997920,364074.0
ULB4A,1516116604495,364039.0
ULB4A,1516120199929,363969.0
ULB4A,1516123798519,363968.0
ULB4A,1516127399136,363879.0
ULB4A,1516130999447,363816.0
ULB4A,1516134596586,363774.0
ULB4A,1516138197042,363733.0
ULB4A,1516141799209,363820.0
ULB4A,1516145404846,363872.0
ULB4A,1516149004529,363830.0
ULB4A,1516152596842,363796.0
ULB4A,1516156198796,363762.0
ULB4A,1516159797165,363673.0
ULB4A,1516163401303,363708.0
ULB4A,1516166996681,363707.0
ULB4A,1516170603831,363703.0
ULB4A,1516174200971,363728.0
ULB4A,1516177804699,363632.0
ULB4A,1516181401024,363571.0
ULB4A,1516185002239,363586.0
ULB4A,1516188596262,363550.0
ULB4A,1516192195659,363622.0
ULB4A,1516195801788,363536.0
ULB4A,1516199400230,363496.0
ULB4A,1516202996823,363401.0
ULB4A,1516206601355,363484.0
ULB4A,1516210198930,363563.0
ULB4A,1516213795223,363561.0
ULB4A,1516217396673,363614.0
ULB4A,1516220996924,363653.0
ULB4A,1516224602290,363616.0
ULB4A,1516228202517,363588.0
ULB4A,1516231800098,363582.0
ULB4A,1516235404262,363497.0
ULB4A,1516239001448,363580.0
ULB4A,1516242602847,363644.0
ULB4A,1516246202816,363689.0
ULB4A,1516249799341,363610.0
ULB4A,1516253402742,363556.0
ULB4A,1516257001501,363554.0
ULB4A,1516260599916,363626.0
ULB4A,1516264199503,363631.0
ULB4A,1516267797482,363625.0
ULB4A,1516271402739,363633.0
ULB4A,1516275001586,363539.0
ULB4A,1516278596851,363461.0
ULB4A,1516282195406,363435.0
ULB4A,1516285799101,363496.0
ULB4A,1516289401383,363559.0
ULB4A,1516292999723,363590.0
ULB4A,1516296599154,363596.0
ULB4A,1516300199634,363593.0
ULB4A,1516303796057,363580.0
ULB4A,1516307395523,363518.0
ULB4A,1516310995972,363484.0
ULB4A,1516314601809,363480.0
ULB4A,1516318199906,363414.0
ULB4A,1516321804064,363384.0
ULB4A,1516325401496,363454.0
ULB4A,1516329004326,363412.0
ULB4A,1516332595156,363389.0
ULB4A,1516336198017,363388.0
ULB4A,1516339804959,363315.0
ULB4A,1516343397030,363391.0
ULB4A,1516346995166,363447.0
ULB4A,1516350596705,363386.0
ULB4A,1516354200516,363330.0
ULB4A,1516357797277,363372.0
ULB4A,1516361398005,363414.0
ULB4A,1516364998978,363411.0
ULB4A,1516368603530,363464.0
ULB4A,1516372202519,363397.0
ULB4A,1516375795532,363491.0
ULB4A,1516379400883,363505.0
ULB4A,1516382996559,363493.0
ULB4A,1516386600468,363533.0
ULB4A,1516390200556,363513.0
ULB4A,1516393804810,363414.0
ULB4A,1516397395883,363383.0
ULB4A,1516400997249,363293.0
ULB4A,1516404595836,363291.0
ULB4A,1516408201946,363332.0
ULB4A,1516411796080,363339.0
ULB4A,1516415399845,363428.0
ULB4A,1516419003274,363434.0
ULB4A,1516422601006,363519.0
ULB4A,1516426196763,363428.0
ULB4A,1516429803057,363379.0
ULB4A,1516433397358,363403.0
ULB4A,1516436996379,363303.0
ULB4A,1516440600338,363287.0
ULB4A,1516444195567,363301.0
ULB4A,1516447803662,363231.0
ULB4A,1516451395266,363282.0
ULB4A,1516454995636,363283.0
ULB4A,1516458597219,363334.0
ULB4A,1516462201924,363371.0
ULB4A,1516465798283,363308.0
ULB4A,1516469397948,363219.0
ULB4A,1516473002173,363166.0
ULB4A,1516476597161,363174.0
ULB4A,1516480203978,363274.0
ULB4A,1516483795037,363229.0
ULB4A,1516487403492,363145.0
ULB4A,1516490999149,363120.0
ULB4A,1516494602318,363022.0
ULB4A,1516498196230,363039.0
ULB4A,1516501800684,363135.0
ULB4A,1516505403676,363086.0
ULB4A,1516508995772,362996.0
ULB4A,1516512599887,363074.0
ULB4A,1516516204401,362994.0
ULB4A,1516519803147,363000.0
ULB4A,1516523397240,363039.0
ULB4A,1516526998922,362974.0
ULB4A,1516530598345,362937.0
ULB4A,1516534200616,363004.0
ULB4A,1516537804364,363090.0
ULB4A,1516541400179,363035.0
ULB4A,1516544998853,363132.0
ULB4A,1516548601437,363071.0
ULB4A,1516552202621,363017.0
ULB4A,1516555799951,363029.0
ULB4A,1516559402400,363065.0
ULB4A,1516562998828,362972.0
ULB4A,1516566597869,362896.0
ULB4A,1516570200928,362890.0
ULB4A,1516573798622,362880.0
ULB4A,1516577398788,362824.0
ULB4A,1516580998356,362790.0
ULB4A,1516584599983,362761.0
ULB4A,1516588202877,362708.0
ULB4A,1516591796714,362708.0
ULB4A,1516595399701,362708.0
ULB4A,1516599004448,362758.0
ULB4A,1516602596887,362762.0
ULB4A,1516606196657,362799.0
ULB4A,1516609800543,362809.0
ULB4A,1516613396994,362874.0
ULB4A,1516617000702,362814.0
ULB4A,1516620600850,362777.0
ULB4A,1516624196265,362809.0
ULB4A,1516627801723,362766.0
ULB4A,1516631397038,362708.0
ULB4A,1516634995859,362776.0
ULB4A,1516638602356,362851.0
ULB4A,1516642196959,362854.0
ULB4A,1516645802525,362878.0
ULB4A,1516649404820,362931.0
ULB4A,1516653003116,363010.0
ULB4A,1516656599642,363056.0
ULB4A,1516660199326,363021.0
ULB4A,1516663795661,363020.0
ULB4A,1516667397062,363103.0
ULB4A,1516671002081,363011.0
ULB4A,1516674603945,363108.0
ULB4A,1516678201697,363079.0
ULB4A,1516681801779,363144.0
ULB4A,1516685397284,363195.0
ULB4A,1516688995397,363231.0
ULB4A,1516692595901,363319.0
ULB4A,1516696201995,363289.0
ULB4A,1516699799982,363381.0
ULB4A,1516703403502,363363.0
ULB4A,1516706996393,363318.0
ULB4A,1516710601907,363345.0
ULB4A,1516714203491,363317.0
ULB4A,1516717804830,363378.0
ULB4A,1516721402965,363433.0
ULB4A,1516725004103,363409.0
ULB4A,1516728601376,363361.0
ULB4A,1516732204599,363279.0
ULB4A,1516735803645,363262.0
ULB4A,1516739396320,363192.0
ULB4A,1516743002495,363169.0
ULB4A,1516746604471,363256.0
ULB4A,1516750195894,363238.0
ULB4A,1516753802286,363182.0
ULB4A,1516757398496,363158.0
ULB4A,1516760995795,363107.0
ULB4A,1516764602942,363120.0
ULB4A,1516768199902,363036.0
ULB4A,1516771798016,362940.0
ULB4A,1516775396379,362907.0
ULB4A,1516778997150,362811.0
ULB4A,1516782599925,362711.0
ULB4A,1516786198453,362708.0
ULB4A,1516789798540,362708.0
ULB4A,1516793400811,362708.0
ULB4A,1516796999139,362791.0
ULB4A,1516800600911,362798.0
ULB4A,1516804197384,362897.0
ULB4A,1516807801712,362817.0
ULB4A,1516811400977,362827.0
ULB4A,1516814999049,362814.0
ULB4A,1516818603711,362785.0
ULB4A,1516822197381,362809.0
ULB4A,1516825802131,362718.0
ULB4A,1516829397877,362708.0
ULB4A,1516832997514,362709.0
ULB4A,1516836603516,362708.0
ULB4A,1516840202982,362795.0
ULB4A,1516843797603,362725.0
ULB4A,1516847402298,362757.0
ULB4A,1516851002030,362720.0
ULB4A,1516854601601,362708.0
ULB4A,1516858203658,362708.0
ULB4A,1516861804941,362708.0
ULB4A,1516865401921,362742.0
ULB4A,1516868995831,362785.0
ULB4A,1516872595932,362758.0
ULB4A,1516876199880,362708.0
ULB4A,1516879799557,362708.0
ULB4A,1516883404196,362708.0
ULB4A,1516887004326,362708.0
ULB4A,1516890597613,362750.0
ULB4A,1516894198242,362764.0
ULB4A,1516897804299,362735.0
ULB4A,1516901399966,362725.0
ULB4A,1516904996567,362764.0
ULB4A,1516908597179,362757.0
ULB4A,1516912196750,362842.0
ULB4A,1516915803891,362848.0
ULB4A,1516919400776,362876.0
ULB4A,1516922999517,362812.0
ULB4A,1516926596630,362745.0
ULB4A,1516930198255,362708.0
ULB4A,1516933801009,362722.0
ULB4A,1516937402208,362708.0
ULB4A,1516940998437,362708.0
ULB4A,1516944595639,362708.0
ULB4A,1516948201562,362774.0
ULB4A,1516951804932,362714.0
ULB4A,1516955397387,362760.0
ULB4A,1516958996057,362861.0
ULB4A,1516962596837,362944.0
ULB4A,1516966195668,362998.0
ULB4A,1516969801982,363050.0
ULB4A,1516973396765,363053.0
ULB4A,1516976999103,363010.0
ULB4A,1516980600487,362915.0
ULB4A,1516984203023,362966.0
ULB4A,1516987799861,362871.0
ULB4A,1516991402511,362842.0
ULB4A,1516994998522,362772.0
ULB4A,1516998603980,362766.0
ULB4A,1517002196668,362710.0
ULB4A,1517005798324,362708.0
ULB4A,1517009395238,362781.0
ULB4A,1517013001256,362831.0
ULB4A,1517016603946,362826.0
ULB4A,1517020197594,362901.0
ULB4A,1517023796496,362965.0
ULB4A,1517027399220,363000.0
ULB4A,1517030997677,362954.0
ULB4A,1517034598757,362991.0
ULB4A,1517038202083,362993.0
ULB4A,1517041799945,363092.0
ULB4A,1517045396497,363160.0
ULB4A,1517049000292,363236.0
ULB4A,1517052596487,363295.0
ULB4A,1517056201675,363385.0
ULB4A,1517059796633,363313.0
ULB4A,1517063404847,363265.0
ULB4A,1517067004701,363257.0
ULB4A,1517070598263,363283.0
ULB4A,1517074202883,363378.0
ULB4A,1517077802569,363443.0
ULB4A,1517081398833,363498.0
ULB4A,1517084995492,363502.0
ULB4A,1517088600599,363506.0
ULB4A,1517092196062,363454.0
ULB4A,1517095802502,363500.0
ULB4A,1517099396982,363593.0
ULB4A,1517102995960,363569.0
ULB4A,1517106600598,363648.0
ULB4A,1517110195644,363634.0
ULB4A,1517113796582,363637.0
ULB4A,1517117397106,363613.0
ULB4A,1517120998063,363712.0
ULB4A,1517124599021,363697.0
ULB4A,1517128195883,363635.0
ULB4A,1517131799753,363711.0
ULB4A,1517135395030,363745.0
ULB4A,1517139000395,363704.0
ULB4A,1517142604660,363674.0
ULB4A,1517146201984,363716.0
ULB4A,1517149798591,363679.0
ULB4A,1517153402851,363625.0
ULB4A,1517156995307,363566.0
ULB4A,1517160601838,363604.0
ULB4A,1517164202423,363675.0
ULB4A,1517167803469,363652.0
ULB4A,1517171398994,363572.0
ULB4A,1517175002698,363504.0
ULB4A,1517178599385,363509.0
ULB4A,1517182200009,363430.0
ULB4A,1517185801545,363370.0
ULB4A,1517189396512,363384.0
ULB4A,1517193002373,363381.0
ULB4A,1517196601762,363311.0
ULB4A,1517200202246,363339.0
ULB4A,1517203801930,363297.0
ULB4A,1517207395034,363325.0
ULB4A,1517210998894,363405.0
ULB4A,1517214595867,363335.0
ULB4A,1517218202808,363347.0
ULB4A,1517221804333,363275.0
ULB4A,1517225402268,363276.0
ULB4A,1517229003939,363330.0
ULB4A,1517232604647,363245.0
ULB4A,1517236197295,363268.0
ULB4A,1517239801157,363322.0
ULB4A,1517243402341,363322.0
ULB4A,1517246995981,363301.0
ULB4A,1517250599675,363230.0
ULB4A,1517254200491,363315.0
ULB4A,1517257795071,363384.0
ULB4A,1517261396458,363479.0
ULB4A,1517264997733,363476.0
ULB4A,1517268604140,363487.0
ULB4A,1517272198779,363499.0
ULB4A,1517275803896,363539.0
ULB4A,1517279400203,363583.0
ULB4A,1517283003008,363663.0
ULB4A,1517286597341,363645.0
ULB4A,1517290200747,363681.0
ULB4A,1517293804327,363719.0
ULB4A,1517297401942,363718.0
ULB4A,1517300996850,363705.0
ULB4A,1517304602145,363709.0
ULB4A,1517308204971,363724.0
ULB4A,1517311796458,363691.0
ULB4A,1517315399394,363779.0
ULB4A,1517318997987,363745.0
ULB4A,1517322600499,363660.0
ULB4A,1517326198929,363740.0
ULB4A,1517329795743,363751.0
ULB4A,1517333397763,363820.0
ULB4A,1517337001253,363830.0
ULB4A,1517340597882,363834.0
ULB4A,1517344198899,363874.0
ULB4A,1517347796427,363940.0
ULB4A,1517351401188,363904.0
ULB4A,1517354999039,363947.0
ULB4A,1517358599957,363859.0
ULB4A,1517362195171,363766.0
ULB4A,1517365800664,363671.0
ULB4A,1517369400641,363729.0
ULB4A,1517372999396,363692.0
ULB4A,1517376604091,363685.0
ULB4A,1517380197207,363728.0
ULB4A,1517383799232,363654.0
ULB4A,1517387398250,363685.0
ULB4A,1517391000652,363689.0
ULB4A,1517394598768,363678.0
ULB4A,1517398203344,363609.0
ULB4A,1517401799738,363632.0
ULB4A,1517405396635,363570.0
ULB4A,1517408997978,363594.0
ULB4A,1517412603444,363614.0
ULB4A,1517416196258,363643.0
ULB4A,1517419799158,363732.0
ULB4A,1517423401256,363641.0
ULB4A,1517426995271,363620.0
ULB4A,1517430599577,363650.0
ULB4A,1517434199989,363553.0
ULB4A,1517437798392,363462.0
ULB4A,1517441397677,363539.0
ULB4A,1517445002465,363505.0
ULB4A,1517448600249,363571.0
ULB4A,1517452195806,363614.0
ULB4A,1517455803765,363574.0
ULB4A,1517459399606,363513.0
ULB4A,1517462999808,363508.0
ULB4A,1517466603501,363428.0
ULB4A,1517470195578,363344.0
ULB4A,1517473799164,363429.0
ULB4A,1517477402846,363403.0
ULB4A,1517480998142,363399.0
ULB4A,1517484599981,363352.0
ULB4A,1517488203844,363266.0
ULB4A,1517491804724,363200.0
ULB4A,1517495404135,363145.0
ULB4A,1517498998876,363210.0
ULB4A,1517502598952,363235.0
ULB4A,1517506199021,363299.0
ULB4A,1517509798789,363229.0
ULB4A,1517513402846,363198.0
ULB4A,1517516996954,363280.0
ULB4A,1517520597244,363337.0
ULB4A,1517524198017,363358.0
ULB4A,1517527804404,363418.0
ULB4A,1517531395768,363451.0
ULB4A,1517534995646,363496.0
ULB4A,1517538598847,363410.0
ULB4A,1517542199465,363379.0
ULB4A,1517545795818,363358.0
ULB4A,1517549402030,363271.0
ULB4A,1517552996729,363192.0
ULB4A,1517556601570,363216.0
ULB4A,1517560199074,363173.0
ULB4A,1517563801355,363257.0
ULB4A,1517567401592,363342.0
ULB4A,1517570997422,363392.0
ULB4A,1517574600331,363323.0
ULB4A,1517578199027,363369.0
ULB4A,1517581796795,363380.0
ULB4A,1517585401703,363393.0
ULB4A,1517588997530,363302.0
ULB4A,1517592599452,363208.0
ULB4A,1517596196973,363150.0
ULB4A,1517599800655,363133.0
ULB4A,1517603396767,363155.0
ULB4A,1517606997573,363094.0
ULB4A,1517610603283,363053.0
ULB4A,1517614204131,363071.0
ULB4A,1517617800836,363164.0
ULB4A,1517621399833,363247.0
ULB4A,1517625002347,363294.0
ULB4A,1517628596314,363288.0
ULB4A,1517632197372,363297.0
ULB4A,1517635799003,363338.0
ULB4A,1517639395341,363300.0
ULB4A,1517642995078,363374.0
ULB4A,1517646596725,363325.0
ULB4A,1517650199418,363264.0
ULB4A,1517653797533,363207.0
ULB4A,1517657399633,363248.0
ULB4A,1517660998278,363224.0
ULB4A,1517664604542,363161.0
ULB4A,1517668202679,363134.0
ULB4A,1517671798641,363153.0
ULB4A,1517675403154,363230.0
ULB4A,1517679003401,363134.0
ULB4A,1517682601810,363214.0
ULB4A,1517686198869,363195.0
ULB4A,1517689800386,363132.0
ULB4A,1517693404535,363206.0
ULB4A,1517697003549,363292.0
ULB4A,1517700599637,363361.0
ULB4A,1517704201294,363447.0
ULB4A,1517707804046,363451.0
ULB4A,1517711396644,363505.0
ULB4A,1517714999974,363533.0
ULB4A,1517718595396,363623.0
ULB4A,1517722201966,363641.0
ULB4A,1517725795067,363705.0
ULB4A,1517729400227,363754.0
ULB4A,1517733004159,363783.0
ULB4A,1517736602929,363795.0
ULB4A,1517740198897,363842.0
ULB4A,1517743804900,363760.0
ULB4A,1517747398721,363812.0
ULB4A,1517751002619,363767.0
ULB4A,1517754603406,363849.0
ULB4A,1517758203001,363800.0
ULB4A,1517761795577,363863.0
ULB4A,1517765398010,363771.0
ULB4A,1517769004709,363852.0
ULB4A,1517772596079,363799.0
ULB4A,1517776204493,363872.0
ULB4A,1517779798663,363778.0
ULB4A,1517783398658,363724.0
ULB4A,1517786995898,363683.0
ULB4A,1517790603344,363675.0
ULB4A,1517794197715,363686.0
ULB4A,1517797804269,363745.0
ULB4A,1517801399721,363716.0
ULB4A,1517805000429,363749.0
ULB4A,1517808596058,363804.0
ULB4A,1517812196436,363786.0
ULB4A,1517815798982,363685.0
ULB4A,1517819400393,363649.0
ULB4A,1517823003347,363593.0
ULB4A,1517826602212,363516.0
ULB4A,1517830199026,363538.0
ULB4A,1517833797012,363485.0
ULB4A,1517837398990,363466.0
ULB4A,1517840997985,363402.0
ULB4A,1517844604876,363374.0
ULB4A,1517848198681,363375.0
ULB4A,1517851801268,363293.0
ULB4A,1517855397432,363287.0
ULB4A,1517858998827,363251.0
ULB4A,1517862603417,363330.0
ULB4A,1517866204362,363431.0
ULB4A,1517869803892,363426.0
ULB4A,1517873397294,363444.0
ULB4A,1517876995235,363393.0
ULB4A,1517880601501,363377.0
ULB4A,1517884198997,363294.0
ULB4A,1517887799171,363207.0
ULB4A,1517891395246,363274.0
ULB4A,1517895001511,363252.0
ULB4A,1517898598522,363222.0
ULB4A,1517902203149,363287.0
ULB4A,1517905801229,363336.0
ULB4A,1517909404264,363356.0
ULB4A,1517912996360,363345.0
ULB4A,1517916596715,363303.0
ULB4A,1517920196842,363202.0
ULB4A,1517923796461,363133.0
ULB4A,1517927395728,363167.0
ULB4A,1517930998296,363097.0
ULB4A,1517934597227,363069.0
ULB4A,1517938197372,363108.0
ULB4A,1517941795213,363100.0
ULB4A,1517945400309,363089.0
ULB4A,1517949002095,363105.0
ULB4A,1517952603109,363006.0
ULB4A,1517956197490,362979.0
ULB4A,1517959795727,362881.0
ULB4A,1517963396481,362949.0
ULB4A,1517967004195,362999.0
ULB4A,1517970598864,362989.0
ULB4A,1517974199951,362894.0
ULB4A,1517977795635,362955.0
ULB4A,1517981396264,363040.0
ULB4A,1517984995982,363083.0
ULB4A,1517988598341,363071.0
ULB4A,1517992202068,363013.0
ULB4A,1517995800708,362993.0
ULB4A,1517999395742,362938.0
ULB4A,1518002999788,363025.0
ULB4A,1518006603930,362926.0
ULB4A,1518010195086,362943.0
ULB4A,1518013797246,363016.0
ULB4A,1518017397737,363055.0
ULB4A,1518020998728,363067.0
ULB4A,1518024600312,363051.0
ULB4A,1518028195540,363133.0
ULB4A,1518031800731,363212.0
ULB4A,1518035397977,363143.0
ULB4A,1518039001103,363054.0
ULB4A,1518042598688,363079.0
ULB4A,1518046203819,363044.0
ULB4A,1518049796339,363107.0
ULB4A,1518053403017,363040.0
ULB4A,1518057000894,362996.0
ULB4A,1518060595452,362921.0
ULB4A,1518064200020,362842.0
ULB4A,1518067799285,362869.0
ULB4A,1518071395793,362824.0
ULB4A,1518075004140,362863.0
ULB4A,1518078602983,362815.0
ULB4A,1518082197021,362761.0
ULB4A,1518085800008,362850.0
ULB4A,1518089398194,362820.0
ULB4A,1518092997664,362820.0
ULB4A,1518096597350,362772.0
ULB4A,1518100202092,362830.0
ULB4A,1518103802973,362796.0
ULB4A,1518107397323,362795.0
ULB4A,1518111001822,362816.0
ULB4A,1518114600575,362804.0
ULB4A,1518118197851,362845.0
ULB4A,1518121799649,362751.0
ULB4A,1518125404317,362708.0
ULB4A,1518128998943,362778.0
ULB4A,1518132601006,362863.0
ULB4A,1518136202754,362934.0
ULB4A,1518139799989,362863.0
ULB4A,1518143395184,362795.0
ULB4A,1518147001320,362778.0
ULB4A,1518150602251,362763.0
ULB4A,1518154196353,362786.0
ULB4A,1518157799749,362787.0
ULB4A,1518161402880,362811.0
ULB4A,1518164996769,362842.0
ULB4A,1518168602329,362816.0
ULB4A,1518172201895,362856.0
ULB4A,1518175799146,362788.0
ULB4A,1518179396740,362752.0
ULB4A,1518183003708,362708.0
ULB4A,1518186603372,362708.0
ULB4A,1518190204467,362708.0
ULB4A,1518193798893,362777.0
ULB4A,1518197404227,362798.0
ULB4A,1518200999553,362878.0
ULB4A,1518204598626,362858.0
ULB4A,1518208195151,362766.0
ULB4A,1518211803892,362726.0
ULB4A,1518215401679,362735.0
ULB4A,1518218999623,362708.0
ULB4A,1518222598649,362750.0
ULB4A,1518226199132,362708.0
ULB4A,1518229800378,362803.0
ULB4A,1518233403647,362752.0
ULB4A,1518236996642,362836.0
ULB4A,1518240596836,362738.0
ULB4A,1518244202956,362708.0
ULB4A,1518247802158,362708.0
ULB4A,1518251403483,362788.0
ULB4A,1518255001245,362842.0
ULB4A,1518258599598,362774.0
ULB4A,1518262196611,362791.0
ULB4A,1518265795264,362776.0
ULB4A,1518269403475,362708.0
ULB4A,1518272998895,362708.0
ULB4A,1518276602679,362719.0
ULB4A,1518280196263,362793.0
ULB4A,1518283797101,362797.0
ULB4A,1518287400010,362708.0
ULB4A,1518290999629,362708.0
ULB4A,1518294596895,362743.0
ULB4A,1518298200858,362710.0
ULB4A,1518301795188,362708.0
ULB4A,1518305396003,362746.0
ULB4A,1518308998449,362734.0
ULB4A,1518312602757,362708.0
ULB4A,1518316198459,362708.0
ULB4A,1518319797839,362708.0
ULB4A,1518323399746,362750.0
ULB4A,1518327004226,362745.0
ULB4A,1518330597847,362823.0
ULB4A,1518334204387,362918.0
ULB4A,1518337803342,362857.0
ULB4A,1518341401486,362869.0
ULB4A,1518345002316,362942.0
ULB4A,1518348599129,362924.0
ULB4A,1518352197326,362974.0
ULB4A,1518355798258,362901.0
ULB4A,1518359401814,362989.0
ULB4A,1518363003831,362930.0
ULB4A,1518366601778,362990.0
ULB4A,1518370198064,362953.0
ULB4A,1518373803580,362866.0
ULB4A,1518377397771,362898.0
ULB4A,1518380996072,362879.0
ULB4A,1518384603428,362935.0
ULB4A,1518388196493,362912.0
ULB4A,1518391802687,362963.0
ULB4A,1518395399091,362958.0
ULB4A,1518398998020,362979.0
ULB4A,1518402597093,362978.0
ULB4A,1518406195382,363021.0
ULB4A,1518409801428,362999.0
ULB4A,1518413400656,363056.0
ULB4A,1518417004024,363115.0
ULB4A,1518420601389,363052.0
ULB4A,1518424196836,363022.0
ULB4A,1518427802451,363046.0
ULB4A,1518431404101,363031.0
ULB4A,1518435002042,362974.0
ULB4A,1518438602646,362941.0
ULB4A,1518442202719,362995.0
ULB4A,1518445797572,362987.0
ULB4A,1518449401648,362919.0
ULB4A,1518453004393,362872.0
ULB4A,1518456597779,362909.0
ULB4A,1518460195688,362996.0
ULB4A,1518463799176,362962.0
ULB4A,1518467396244,362997.0
ULB4A,1518470999320,362997.0
ULB4A,1518474600093,363043.0
ULB4A,1518478196841,363139.0
ULB4A,1518481797400,363088.0
ULB4A,1518485399248,363062.0
ULB4A,1518489001018,363112.0
ULB4A,1518492598977,363172.0
ULB4A,1518496198834,363221.0
ULB4A,1518499800821,363172.0
ULB4A,1518503402560,363100.0
ULB4A,1518507003497,363159.0
ULB4A,1518510604790,363235.0
ULB4A,1518514203791,363321.0
ULB4A,1518517804184,363329.0
ULB4A,1518521401908,363311.0
ULB4A,1518524999763,363327.0
ULB4A,1518528603694,363394.0
ULB4A,1518532196633,363411.0
ULB4A,1518535802144,363458.0
ULB4A,1518539397557,363386.0
ULB4A,1518543003868,363302.0
ULB4A,1518546595199,363338.0
ULB4A,1518550197011,363282.0
ULB4A,1518553798942,363186.0
ULB4A,1518557400876,363150.0
ULB4A,1518560995541,363159.0
ULB4A,1518564602911,363074.0
ULB4A,1518568198267,363082.0
ULB4A,1518571803356,363148.0
ULB4A,1518575396428,363233.0
ULB4A,1518578996606,363133.0
ULB4A,1518582604117,363048.0
ULB4A,1518586198390,363047.0
ULB4A,1518589800544,362963.0
ULB4A,1518593401237,362943.0
ULB4A,1518596999197,362940.0
ULB4A,1518600599738,362987.0
ULB4A,1518604196281,362996.0
ULB4A,1518607797349,363035.0
ULB4A,1518611401854,363078.0
ULB4A,1518614996886,363051.0
ULB4A,1518618604231,362983.0
ULB4A,1518622201045,362956.0
ULB4A,1518625796047,362931.0
ULB4A,1518629398462,363006.0
ULB4A,1518632996005,363082.0
ULB4A,1518636604840,363162.0
ULB4A,1518640203710,363169.0
ULB4A,1518643801972,363112.0
ULB4A,1518647404438,363085.0
ULB4A,1518651002541,363077.0
ULB4A,1518654600725,363137.0
ULB4A,1518658202432,363134.0
ULB4A,1518661796843,363091.0
ULB4A,1518665404362,363120.0
ULB4A,1518669000280,363019.0
ULB4A,1518672599480,362983.0
ULB4A,1518676199851,362927.0
ULB4A,1518679800063,363020.0
ULB4A,1518683401012,363058.0
ULB4A,1518687004617,363142.0
ULB4A,1518690597128,363239.0
ULB4A,1518694197017,363145.0
ULB4A,1518697801729,363058.0
ULB4A,1518701403131,363151.0
ULB4A,1518704997488,363191.0
ULB4A,1518708598267,363268.0
ULB4A,1518712202432,363278.0
ULB4A,1518715797585,363263.0
ULB4A,1518719400985,363219.0
ULB4A,1518723000150,363198.0
ULB4A,1518726603758,363204.0
ULB4A,1518730204310,363220.0
ULB4A,1518733799683,363209.0
ULB4A,1518737399986,363242.0
ULB4A,1518741003727,363339.0
ULB4A,1518744599665,363428.0
ULB4A,1518748200954,363372.0
ULB4A,1518751801250,363293.0
ULB4A,1518755403347,363260.0
ULB4A,1518758997841,363189.0
ULB4A,1518762603265,363283.0
ULB4A,1518766201556,363363.0
ULB4A,1518769801315,363270.0
ULB4A,1518773398897,363349.0
ULB4A,1518776999127,363350.0
ULB4A,1518780603326,363300.0
ULB4A,1518784203860,363354.0
ULB4A,1518787797060,363272.0
ULB4A,1518791400373,363333.0
ULB4A,1518795001569,363301.0
ULB4A,1518798603267,363266.0
ULB4A,1518802200889,363284.0
ULB4A,1518805800669,363248.0
ULB4A,1518809401977,363293.0
ULB4A,1518813003911,363226.0
ULB4A,1518816604840,363188.0
ULB4A,1518820202060,363152.0
ULB4A,1518823804203,363251.0
ULB4A,1518827395266,363308.0
ULB4A,1518830997091,363385.0
ULB4A,1518834603561,363388.0
ULB4A,1518838195605,363375.0
ULB4A,1518841799760,363393.0
ULB4A,1518845399334,363329.0
ULB4A,1518849000132,363381.0
ULB4A,1518852596097,363481.0
ULB4A,1518856196581,363474.0
ULB4A,1518859796823,363378.0
ULB4A,1518863399319,363286.0
ULB4A,1518866997281,363340.0
ULB4A,1518870601810,363376.0
ULB4A,1518874195621,363402.0
ULB4A,1518877801271,363422.0
ULB4A,1518881396676,363452.0
ULB4A,1518885001169,363550.0
ULB4A,1518888602604,363649.0
ULB4A,1518892198468,363710.0
ULB4A,1518895799791,363696.0
ULB4A,1518899399508,363696.0
ULB4A,1518902998320,363698.0
ULB4A,1518906599924,363689.0
ULB4A,1518910202965,363750.0
ULB4A,1518913803609,363693.0
ULB4A,1518917403565,363717.0
ULB4A,1518921000171,363655.0
ULB4A,1518924597583,363621.0
ULB4A,1518928199032,363572.0
ULB4A,1518931801933,363473.0
ULB4A,1518935402838,363565.0
ULB4A,1518938997780,363535.0
ULB4A,1518942602499,363542.0
ULB4A,1518946202065,363529.0
ULB4A,1518949798794,363431.0
ULB4A,1518953403809,363365.0
ULB4A,1518956998852,363268.0
ULB4A,1518960601109,363324.0
ULB4A,1518964202745,363306.0
ULB4A,1518967800529,363347.0
ULB4A,1518971396338,363383.0
ULB4A,1518974995808,363471.0
ULB4A,1518978600509,363501.0
ULB4A,1518982195878,363565.0
ULB4A,1518985804765,363657.0
ULB4A,1518989397778,363758.0
ULB4A,1518992999691,363697.0
ULB4A,1518996604030,363667.0
ULB4A,1519000197180,363766.0
ULB4A,1519003804724,363801.0
ULB4A,1519007396305,363796.0
ULB4A,1519011004367,363829.0
ULB4A,1519014597782,363871.0
ULB4A,1519018201723,363889.0
ULB4A,1519021798104,363818.0
ULB4A,1519025396634,363913.0
ULB4A,1519029000917,363948.0
ULB4A,1519032598852,363959.0
ULB4A,1519036195394,363868.0
ULB4A,1519039800283,363895.0
ULB4A,1519043401972,363959.0
ULB4A,1519047003401,363906.0
ULB4A,1519050596555,363879.0
ULB4A,1519054201254,363913.0
ULB4A,1519057797522,363849.0
ULB4A,1519061400922,363753.0
ULB4A,1519065000972,363768.0
ULB4A,1519068601131,363750.0
ULB4A,1519072199067,363733.0
ULB4A,1519075799268,363636.0
ULB4A,1519079398243,363598.0
ULB4A,1519082999571,363554.0
ULB4A,1519086603702,363466.0
ULB4A,1519090203437,363402.0
ULB4A,1519093798492,363404.0
ULB4A,1519097395297,363316.0
ULB4A,1519101002545,363335.0
ULB4A,1519104602950,363388.0
ULB4A,1519108204347,363291.0
ULB4A,1519111802257,363366.0
ULB4A,1519115401479,363420.0
ULB4A,1519118995095,363504.0
ULB4A,1519122597647,363509.0
ULB4A,1519126204188,363466.0
ULB4A,1519129798058,363387.0
ULB4A,1519133402454,363361.0
ULB4A,1519136996048,363419.0
ULB4A,1519140600609,363481.0
ULB4A,1519144197657,363429.0
ULB4A,1519147796975,363453.0
ULB4A,1519151399105,363354.0
ULB4A,1519155004556,363398.0
ULB4A,1519158601786,363372.0
ULB4A,1519162199533,363438.0
ULB4A,1519165795150,363492.0
ULB4A,1519169398723,363407.0
ULB4A,1519172996000,363380.0
ULB4A,1519176602575,363310.0
ULB4A,1519180199838,363400.0
ULB4A,1519183802947,363349.0
ULB4A,1519187400133,363430.0
ULB4A,1519191001459,363453.0
ULB4A,1519194602802,363399.0
ULB4A,1519198195191,363455.0
ULB4A,1519201803505,363456.0
ULB4A,1519205404894,363557.0
ULB4A,1519208996387,363621.0
ULB4A,1519212600417,363548.0
ULB4A,1519216200513,363574.0
ULB4A,1519219800305,363600.0
ULB4A,1519223400920,363598.0
ULB4A,1519226999870,363650.0
ULB4A,1519230596976,363699.0
ULB4A,1519234200934,363762.0
ULB4A,1519237797949,363823.0
ULB4A,1519241397398,363810.0
ULB4A,1519244995633,363865.0
ULB4A,1519248598176,363771.0
ULB4A,1519252199389,363801.0
ULB4A,1519255804633,363718.0
ULB4A,1519259401362,363746.0
ULB4A,1519262998510,363822.0
ULB4A,1519266598824,363831.0
ULB4A,1519270200563,363735.0
ULB4A,1519273804747,363671.0
ULB4A,1519277397192,363664.0
ULB4A,1519280999117,363728.0
ULB4A,1519284604537,363773.0
ULB4A,1519288200588,363766.0
ULB4A,1519291796064,363688.0
ULB4A,1519295404625,363620.0
ULB4A,1519299004457,363555.0
ULB4A,1519302602450,363528.0
ULB4A,1519306199089,363541.0
ULB4A,1519309803829,363513.0
ULB4A,1519313396620,363494.0
ULB4A,1519316997938,363462.0
ULB4A,1519320600995,363487.0
ULB4A,1519324198195,363446.0
ULB4A,1519327798615,363469.0
ULB4A,1519331402075,363479.0
ULB4A,1519335002100,363550.0
ULB4A,1519338599233,363509.0
ULB4A,1519342203653,363598.0
ULB4A,1519345800184,363635.0
ULB4A,1519349395504,363728.0
ULB4A,1519352998076,363702.0
ULB4A,1519356603950,363665.0
ULB4A,1519360201627,363673.0
ULB4A,1519363804762,363630.0
ULB4A,1519367395774,363533.0
ULB4A,1519370999844,363475.0
ULB4A,1519374598803,363557.0
ULB4A,1519378202704,363583.0
ULB4A,1519381803257,363564.0
ULB4A,1519385403648,363592.0
ULB4A,1519389001942,363537.0
ULB4A,1519392596011,363455.0
ULB4A,1519396200024,363522.0
ULB4A,1519399795208,363534.0
ULB4A,1519403396439,363503.0
ULB4A,1519406996508,363494.0
ULB4A,1519410597236,363594.0
ULB4A,1519414198764,363588.0
ULB4A,1519417798737,363688.0
ULB4A,1519421402095,363724.0
ULB4A,1519425002877,363636.0
ULB4A,1519428597315,363629.0
ULB4A,1519432199881,363668.0
ULB4A,1519435798251,363736.0
ULB4A,1519439396156,363693.0
ULB4A,1519443004658,363686.0
ULB4A,1519446600864,363660.0
ULB4A,1519450196207,363712.0
ULB4A,1519453795751,363765.0
ULB4A,1519457395141,363803.0
ULB4A,1519461004942,363813.0
ULB4A,1519464604998,363721.0
ULB4A,1519468201116,363652.0
ULB4A,1519471799204,363681.0
ULB4A,1519475402855,363710.0
ULB4A,1519478996580,363806.0
ULB4A,1519482604116,363731.0
ULB4A,1519486201247,363663.0
ULB4A,1519489803882,363738.0
ULB4A,1519493398342,363651.0
ULB4A,1519496999506,363721.0
ULB4A,1519500603810,363788.0
ULB4A,1519504198732,363766.0
ULB4A,1519507801846,363791.0
ULB4A,1519511401233,363744.0
ULB4A,1519514996001,363734.0
ULB4A,1519518597745,363702.0
ULB4A,1519522195620,363740.0
ULB4A,1519525803640,363785.0
ULB4A,1519529395996,363834.0
ULB4A,1519533003074,363744.0
ULB4A,1519536602045,363704.0
ULB4A,1519540196761,363797.0
ULB4A,1519543800124,363790.0
ULB4A,1519547395255,363890.0
ULB4A,1519550995255,363934.0
ULB4A,1519554600653,363842.0
ULB4A,1519558198403,363886.0
ULB4A,1519561802879,363981.0
ULB4A,1519565400498,363994.0
ULB4A,1519568996986,363976.0
ULB4A,1519572597199,364034.0
ULB4A,1519576195299,364058.0
ULB4A,1519579796328,364088.0
ULB4A,1519583402813,364150.0
ULB4A,1519587002088,364132.0
ULB4A,1519590603558,364157.0
ULB4A,1519594196749,364247.0
ULB4A,1519597804879,364204.0
ULB4A,1519601395581,364264.0
ULB4A,1519604999031,364264.0
ULB4A,1519608600240,364200.0
ULB4A,1519612195795,364104.0
ULB4A,1519615796090,364177.0
ULB4A,1519619399581,364264.0
ULB4A,1519623001144,364264.0
ULB4A,1519626603046,364253.0
ULB4A,1519630195604,364251.0
ULB4A,1519633800473,364254.0
ULB4A,1519637399479,364207.0
ULB4A,1519641000637,364136.0
ULB4A,1519644601322,364205.0
ULB4A,1519648203431,364264.0
ULB4A,1519651801434,364229.0
ULB4A,1519655396890,364162.0
ULB4A,1519659002422,364163.0
ULB4A,1519662604524,364226.0
ULB4A,1519666202806,364264.0
ULB4A,1519669798455,364230.0
ULB4A,1519673398810,364205.0
ULB4A,1519677000489,364239.0
ULB4A,1519680598140,364231.0
ULB4A,1519684196521,364264.0
ULB4A,1519687795971,364167.0
ULB4A,1519691397037,364238.0
ULB4A,1519695003324,364215.0
ULB4A,1519698602898,364264.0
ULB4A,1519702195273,364264.0
ULB4A,1519705795169,364255.0
ULB4A,1519709402813,364192.0
ULB4A,1519712995485,364155.0
ULB4A,1519716601595,364133.0
ULB4A,1519720200056,364093.0
ULB4A,1519723799975,364173.0
ULB4A,1519727398144,364222.0
ULB4A,1519730997140,364126.0
ULB4A,1519734604729,364071.0
ULB4A,1519738196089,364109.0
ULB4A,1519741802948,364111.0
ULB4A,1519745395038,364123.0
ULB4A,1519749001599,364045.0
ULB4A,1519752595092,364102.0
ULB4A,1519756200102,364170.0
ULB4A,1519759798242,364259.0
ULB4A,1519763398518,364197.0
ULB4A,1519767002235,364184.0
ULB4A,1519770597153,364259.0
ULB4A,1519774199835,364264.0
ULB4A,1519777796268,364264.0
ULB4A,1519781396497,364264.0
ULB4A,1519784999142,364205.0
ULB4A,1519788598664,364223.0
ULB4A,1519792198643,364138.0
ULB4A,1519795798959,364216.0
ULB4A,1519799397045,364264.0
ULB4A,1519802996712,364264.0
ULB4A,1519806599259,364260.0
ULB4A,1519810197645,364201.0
ULB4A,1519813795411,364264.0
ULB4A,1519817397133,364264.0
ULB4A,1519820999914,364264.0
ULB4A,1519824601158,364203.0
ULB4A,1519828201300,364142.0
ULB4A,1519831801932,364103.0
ULB4A,1519835398966,364118.0
ULB4A,1519839002006,364119.0
ULB4A,1519842602575,364089.0
ULB4A,1519846200105,364173.0
ULB4A,1519849798294,364198.0
ULB4A,1519853402973,364198.0
ULB4A,1519856999695,364231.0
ULB4A,1519860599692,364167.0
ULB4A,1519864202230,364136.0
ULB4A,1519867802139,364127.0
ULB4A,1519871401965,364154.0
ULB4A,1519875001024,364235.0
ULB4A,1519878602738,364250.0
ULB4A,1519882195523,364264.0
ULB4A,1519885796760,364180.0
ULB4A,1519889404321,364111.0
ULB4A,1519893001959,364101.0
ULB4A,1519896600858,364049.0
ULB4A,1519900205007,363971.0
ULB4A,1519903801195,363881.0
ULB4A,1519907402135,363812.0
ULB4A,1519910995478,363733.0
ULB4A,1519914602932,363747.0
ULB4A,1519918196303,363716.0
ULB4A,1519921802516,363801.0
ULB4A,1519925396465,363704.0
ULB4A,1519929001112,363780.0
ULB4A,1519932598223,363783.0
ULB4A,1519936199809,363770.0
ULB4A,1519939795686,363790.0
ULB4A,1519943400547,363890.0
ULB4A,1519947002782,363811.0
ULB4A,1519950595254,363865.0
ULB4A,1519954199264,363822.0
ULB4A,1519957802747,363914.0
ULB4A,1519961402594,363818.0
ULB4A,1519965002874,363872.0
ULB4A,1519968599696,363950.0
ULB4A,1519972199737,363979.0
ULB4A,1519975804052,363995.0
ULB4A,1519979403576,363963.0
ULB4A,1519983003141,364029.0
ULB4A,1519986601145,364010.0
ULB4A,1519990198428,364085.0
ULB4A,1519993797084,364038.0
ULB4A,1519997396610,364094.0
ULB4A,1520001001608,364135.0
ULB4A,1520004596359,364225.0
ULB4A,1520008199556,364264.0
ULB4A,1520011803277,364188.0
ULB4A,1520015398789,364124.0
ULB4A,1520018999699,364169.0
ULB4A,1520022595362,364185.0
ULB4A,1520026201821,364089.0
ULB4A,1520029802882,364094.0
ULB4A,1520033404495,364087.0
ULB4A,1520037000630,364154.0
ULB4A,1520040603593,364155.0
ULB4A,1520044197842,364233.0
ULB4A,1520047795469,364264.0
ULB4A,1520051395974,364264.0
ULB4A,1520054996461,364164.0
ULB4A,1520058597450,364063.0
ULB4A,1520062201969,364118.0
ULB4A,1520065803176,364153.0
ULB4A,1520069404085,364143.0
ULB4A,1520073001410,364215.0
ULB4A,1520076601585,364210.0
ULB4A,1520080198739,364264.0
ULB4A,1520083801089,364264.0
ULB4A,1520087399187,364252.0
ULB4A,1520091004516,364264.0
ULB4A,1520094604003,364243.0
ULB4A,1520098199986,364264.0
ULB4A,1520101803112,364176.0
ULB4A,1520105400677,364105.0
ULB4A,1520109000580,364041.0
ULB4A,1520112603657,363947.0
ULB4A,1520116201423,364004.0
ULB4A,1520119795167,364032.0
ULB4A,1520123401108,364101.0
ULB4A,1520127001756,364104.0
ULB4A,1520130604727,364167.0
ULB4A,1520134196096,364204.0
ULB4A,1520137795219,364157.0
ULB4A,1520141398274,364103.0
ULB4A,1520144996416,364005.0
ULB4A,1520148603736,363984.0
ULB4A,1520152201235,363989.0
ULB4A,1520155797219,363933.0
ULB4A,1520159400032,363887.0
ULB4A,1520163000617,363868.0
ULB4A,1520166599081,363881.0
ULB4A,1520170200315,363813.0
ULB4A,1520173799338,363746.0
ULB4A,1520177396070,363686.0
ULB4A,1520180999084,363721.0
ULB4A,1520184603718,363669.0
ULB4A,1520188198198,363619.0
ULB4A,1520191803845,363541.0
ULB4A,1520195397587,363450.0
ULB4A,1520199002418,363470.0
ULB4A,1520202599358,363424.0
ULB4A,1520206203518,363376.0
ULB4A,1520209803993,363370.0
ULB4A,1520213396114,363384.0
ULB4A,1520216995036,363443.0
ULB4A,1520220598155,363399.0
ULB4A,1520224199098,363332.0
ULB4A,1520227803335,363364.0
ULB4A,1520231395807,363277.0
ULB4A,1520235002248,363355.0
ULB4A,1520238597109,363400.0
ULB4A,1520242196150,363443.0
ULB4A,1520245797028,363438.0
ULB4A,1520249396339,363406.0
ULB4A,1520253002537,363363.0
ULB4A,1520256595191,363328.0
ULB4A,1520260195711,363313.0
ULB4A,1520263803866,363281.0
ULB4A,1520267397402,363291.0
ULB4A,1520270997585,363381.0
ULB4A,1520274601106,363389.0
ULB4A,1520278202353,363366.0
ULB4A,1520281795323,363376.0
ULB4A,1520285403760,363338.0
ULB4A,1520289002497,363387.0
ULB4A,1520292597851,363290.0
ULB4A,1520296200786,363371.0
ULB4A,1520299802001,363350.0
ULB4A,1520303401638,363283.0
ULB4A,1520307002206,363339.0
ULB4A,1520310599881,363251.0
ULB4A,1520314196306,363303.0
ULB4A,1520317795752,363365.0
ULB4A,1520321400977,363400.0
ULB4A,1520324996873,363488.0
ULB4A,1520328597061,363515.0
ULB4A,1520332201748,363533.0
ULB4A,1520335803583,363521.0
ULB4A,1520339398543,363531.0
ULB4A,1520343003660,363578.0
ULB4A,1520346604598,363640.0
ULB4A,1520350196866,363643.0
ULB4A,1520353803896,363650.0
ULB4A,1520357399083,363705.0
ULB4A,1520361002622,363766.0
ULB4A,1520364604842,363837.0
ULB4A,1520368202182,363912.0
ULB4A,1520371797258,363906.0
ULB4A,1520375396398,363921.0
ULB4A,1520378997270,363905.0
ULB4A,1520382601947,363920.0
ULB4A,1520386201906,363869.0
ULB4A,1520389800440,363786.0
ULB4A,1520393401111,363685.0
ULB4A,1520396997754,363628.0
ULB4A,1520400597757,363689.0
ULB4A,1520404203409,363631.0
ULB4A,1520407797202,363637.0
ULB4A,1520411400523,363671.0
ULB4A,1520415003032,363719.0
ULB4A,1520418604658,363749.0
ULB4A,1520422199916,363818.0
ULB4A,1520425797573,363865.0
ULB4A,1520429398946,363820.0
ULB4A,1520432995267,363847.0
ULB4A,1520436595725,363946.0
ULB4A,1520440204931,363953.0
ULB4A,1520443801659,364048.0
ULB4A,1520447399104,364145.0
ULB4A,1520450998623,364245.0
ULB4A,1520454598129,364264.0
ULB4A,1520458198808,364264.0
ULB4A,1520461802806,364264.0
ULB4A,1520465395262,364264.0
ULB4A,1520468997614,364198.0
ULB4A,1520472595883,364158.0
ULB4A,1520476200484,364232.0
ULB4A,1520479802535,364264.0
ULB4A,1520483402985,364264.0
ULB4A,1520486997741,364200.0
ULB4A,1520490600221,364153.0
ULB4A,1520494195754,364232.0
ULB4A,1520497801830,364230.0
ULB4A,1520501403046,364202.0
ULB4A,1520504996642,364119.0
ULB4A,1520508601258,364153.0
ULB4A,1520512196792,364200.0
ULB4A,1520515798800,364264.0
ULB4A,1520519401833,364249.0
ULB4A,1520522999450,364154.0
ULB4A,1520526598854,364082.0
ULB4A,1520530197497,364009.0
ULB4A,1520533804778,363950.0
ULB4A,1520537401439,363852.0
ULB4A,1520540995031,363912.0
ULB4A,1520544596144,363962.0
ULB4A,1520548199710,364062.0
ULB4A,1520551802434,364129.0
ULB4A,1520555404679,364159.0
ULB4A,1520558999813,364112.0
ULB4A,1520562600016,364023.0
ULB4A,1520566197884,364003.0
ULB4A,1520569796210,364087.0
ULB4A,1520573401067,364010.0
ULB4A,1520576996446,363999.0
ULB4A,1520580597946,363922.0
ULB4A,1520584196262,363834.0
ULB4A,1520587797318,363825.0
ULB4A,1520591404455,363885.0
ULB4A,1520595003929,363982.0
ULB4A,1520598595075,364073.0
ULB4A,1520602203759,364059.0
ULB4A,1520605801307,363992.0
ULB4A,1520609401048,364012.0
ULB4A,1520612996043,364069.0
ULB4A,1520616598973,364018.0
ULB4A,1520620200928,364042.0
ULB4A,1520623800426,364123.0
ULB4A,1520627395268,364194.0
ULB4A,1520631004571,364149.0
ULB4A,1520634599401,364055.0
ULB4A,1520638203523,364013.0
ULB4A,1520641795810,363968.0
ULB4A,1520645401686,363994.0
ULB4A,1520649000622,363999.0
ULB4A,1520652604983,363980.0
ULB4A,1520656204528,364029.0
ULB4A,1520659800285,363995.0
ULB4A,1520663403881,364048.0
ULB4A,1520667001216,363986.0
ULB4A,1520670596678,364040.0
ULB4A,1520674198353,363959.0
ULB4A,1520677801396,364005.0
ULB4A,1520681400999,363962.0
ULB4A,1520684995377,363868.0
ULB4A,1520688601941,363854.0
ULB4A,1520692200110,363918.0
ULB4A,1520695804391,363834.0
ULB4A,1520699399008,363778.0
ULB4A,1520702997709,363725.0
ULB4A,1520706601557,363736.0
ULB4A,1520710195231,363808.0
ULB4A,1520713797170,363737.0
ULB4A,1520717404112,363822.0
ULB4A,1520720996059,363903.0
ULB4A,1520724599039,363937.0
ULB4A,1520728195483,363865.0
ULB4A,1520731798663,363955.0
ULB4A,1520735404930,363859.0
ULB4A,1520738996231,363867.0
ULB4A,1520742597918,363837.0
ULB4A,1520746203197,363867.0
ULB4A,1520749802641,363796.0
ULB4A,1520753400333,363764.0
ULB4A,1520757002961,363861.0
ULB4A,1520760601998,363927.0
ULB4A,1520764196511,363902.0
ULB4A,1520767795125,363957.0
ULB4A,1520771401694,364007.0
ULB4A,1520774999274,363939.0
ULB4A,1520778602804,363966.0
ULB4A,1520782204488,363928.0
ULB4A,1520785800734,363877.0
ULB4A,1520789404161,363853.0
ULB4A,1520792999309,363790.0
ULB4A,1520796597503,363856.0
ULB4A,1520800201998,363874.0
ULB4A,1520803795110,363959.0
ULB4A,1520807398278,364038.0
ULB4A,1520811002150,364127.0
ULB4A,1520814601004,364141.0
ULB4A,1520818204894,364048.0
ULB4A,1520821804879,363951.0
ULB4A,1520825395947,363990.0
ULB4A,1520829002088,363939.0
ULB4A,1520832595440,363968.0
ULB4A,1520836197594,363944.0
ULB4A,1520839797503,363937.0
ULB4A,1520843397252,363903.0
ULB4A,1520847003380,363837.0
ULB4A,1520850604953,363851.0
ULB4A,1520854198369,363796.0
ULB4A,1520857795558,363823.0
ULB4A,1520861401670,363748.0
ULB4A,1520864997041,363693.0
ULB4A,1520868599112,363686.0
ULB4A,1520872196386,363699.0
ULB4A,1520875798609,363713.0
ULB4A,1520879403627,363778.0
ULB4A,1520882997159,363697.0
ULB4A,1520886600131,363782.0
ULB4A,1520890203430,363694.0
ULB4A,1520893797039,363724.0
ULB4A,1520897397576,363769.0
ULB4A,1520901004849,363724.0
ULB4A,1520904600084,363638.0
ULB4A,1520908196793,363684.0
ULB4A,1520911800740,363648.0
ULB4A,1520915403961,363702.0
ULB4A,1520918998415,363752.0
ULB4A,1520922596598,363826.0
ULB4A,1520926198774,363812.0
ULB4A,1520929799114,363805.0
ULB4A,1520933403819,363782.0
ULB4A,1520936996422,363743.0
ULB4A,1520940596925,363716.0
ULB4A,1520944200323,363708.0
ULB4A,1520947803759,363753.0
ULB4A,1520951395705,363740.0
ULB4A,1520955004872,363797.0
ULB4A,1520958598120,363755.0
ULB4A,1520962198997,363683.0
ULB4A,1520965802547,363642.0
ULB4A,1520969396217,363572.0
ULB4A,1520972998284,363607.0
ULB4A,1520976599638,363653.0
ULB4A,1520980195546,363608.0
ULB4A,1520983795732,363602.0
ULB4A,1520987404214,363579.0
ULB4A,1520991003567,363646.0
ULB4A,1520994599140,363680.0
ULB4A,1520998198847,363657.0
ULB4A,1521001801389,363703.0
ULB4A,1521005401665,363693.0
ULB4A,1521008997147,363769.0
ULB4A,1521012600114,363789.0
ULB4A,1521016197645,363718.0
ULB4A,1521019802586,363653.0
ULB4A,1521023395434,363692.0
ULB4A,1521026998214,363608.0
ULB4A,1521030602978,363625.0
ULB4A,1521034200398,363537.0
ULB4A,1521037803135,363514.0
ULB4A,1521041400055,363424.0
ULB4A,1521045003018,363424.0
ULB4A,1521048600211,363523.0
ULB4A,1521052203561,363490.0
ULB4A,1521055802963,363442.0
ULB4A,1521059401973,363530.0
ULB4A,1521062997854,363518.0
ULB4A,1521066602185,363542.0
ULB4A,1521070200730,363502.0
ULB4A,1521073803350,363504.0
ULB4A,1521077404504,363541.0
ULB4A,1521081003298,363476.0
ULB4A,1521084602749,363380.0
ULB4A,1521088204992,363301.0
ULB4A,1521091801405,363313.0
ULB4A,1521095402554,363257.0
ULB4A,1521098996402,363196.0
ULB4A,1521102600475,363257.0
ULB4A,1521106197097,363335.0
ULB4A,1521109797304,363265.0
ULB4A,1521113404700,363302.0
ULB4A,1521117003166,363345.0
ULB4A,1521120599386,363355.0
ULB4A,1521124195414,363336.0
ULB4A,1521127799284,363298.0
ULB4A,1521131403732,363341.0
ULB4A,1521134998547,363427.0
ULB4A,1521138600415,363481.0
ULB4A,1521142197317,363488.0
ULB4A,1521145800506,363422.0
ULB4A,1521149395061,363377.0
ULB4A,1521153001471,363293.0
ULB4A,1521156603769,363331.0
ULB4A,1521160202764,363349.0
ULB4A,1521163799510,363253.0
ULB4A,1521167402903,363282.0
ULB4A,1521171000798,363265.0
ULB4A,1521174599437,363285.0
ULB4A,1521178195339,363295.0
ULB4A,1521181800712,363267.0
ULB4A,1521185399109,363223.0
ULB4A,1521188995629,363253.0
ULB4A,1521192595215,363263.0
ULB4A,1521196199221,363260.0
ULB4A,1521199796671,363221.0
ULB4A,1521203396643,363257.0
ULB4A,1521207003435,363197.0
ULB4A,1521210603427,363218.0
ULB4A,1521214195920,363177.0
ULB4A,1521217798114,363144.0
ULB4A,1521221400349,363182.0
ULB4A,1521225002297,363258.0
ULB4A,1521228603198,363237.0
ULB4A,1521232202997,363228.0
ULB4A,1521235802724,363287.0
ULB4A,1521239399442,363300.0
ULB4A,1521243002224,363249.0
ULB4A,1521246604309,363177.0
ULB4A,1521250202031,363128.0
ULB4A,1521253803912,363121.0
ULB4A,1521257400209,363130.0
ULB4A,1521260998223,363086.0
ULB4A,1521264600227,363098.0
ULB4A,1521268197432,363071.0
ULB4A,1521271796092,363071.0
ULB4A,1521275402641,363017.0
ULB4A,1521279003316,363045.0
ULB4A,1521282603986,363033.0
ULB4A,1521286197183,363130.0
ULB4A,1521289795627,363079.0
ULB4A,1521293395176,363150.0
ULB4A,1521297003192,363103.0
ULB4A,1521300604457,363109.0
ULB4A,1521304197616,363086.0
ULB4A,1521307798633,362994.0
ULB4A,1521311395724,362975.0
ULB4A,1521315002750,363013.0
ULB4A,1521318603955,363083.0
ULB4A,1521322198177,363051.0
ULB4A,1521325798419,363042.0
ULB4A,1521329404144,362986.0
ULB4A,1521332998316,362907.0
ULB4A,1521336603533,362915.0
ULB4A,1521340196550,362814.0
ULB4A,1521343801141,362879.0
ULB4A,1521347395570,362936.0
ULB4A,1521351004732,362946.0
ULB4A,1521354596510,362925.0
ULB4A,1521358200149,363009.0
ULB4A,1521361802464,363091.0
ULB4A,1521365400207,363098.0
ULB4A,1521369001973,363175.0
ULB4A,1521372597722,363085.0
ULB4A,1521376196723,362996.0
ULB4A,1521379804120,363008.0
ULB4A,1521383400361,362999.0
ULB4A,1521387003520,362909.0
ULB4A,1521390604199,362824.0
ULB4A,1521394198381,362876.0
ULB4A,1521397803065,362968.0
ULB4A,1521401395988,363039.0
ULB4A,1521404995791,363109.0
ULB4A,1521408598260,363209.0
ULB4A,1521412199576,363258.0
ULB4A,1521415802167,363274.0
ULB4A,1521419402556,363283.0
ULB4A,1521423000293,363351.0
ULB4A,1521426598535,363443.0
ULB4A,1521430200234,363510.0
ULB4A,1521433801554,363552.0
ULB4A,1521437400557,363575.0
ULB4A,1521440996716,363573.0
ULB4A,1521444598769,363574.0
ULB4A,1521448200744,363575.0
ULB4A,1521451797655,363672.0
ULB4A,1521455402703,363712.0
ULB4A,1521459000801,363799.0
ULB4A,1521462600821,363743.0
ULB4A,1521466203203,363645.0
ULB4A,1521469799930,363622.0
ULB4A,1521473397987,363572.0
ULB4A,1521477004790,363474.0
ULB4A,1521480597345,363475.0
ULB4A,1521484198790,363517.0
ULB4A,1521487802417,363607.0
ULB4A,1521491402276,363523.0
ULB4A,1521495004612,363509.0
ULB4A,1521498598018,363541.0
ULB4A,1521502203813,363586.0
ULB4A,1521505800064,363633.0
ULB4A,1521509398401,363552.0
ULB4A,1521513001469,363649.0
ULB4A,1521516603519,363669.0
ULB4A,1521520195785,363599.0
ULB4A,1521523804462,363607.0
ULB4A,1521527396024,363676.0
ULB4A,1521530997310,363606.0
ULB4A,1521534600546,363596.0
ULB4A,1521538196053,363506.0
ULB4A,1521541796134,363419.0
ULB4A,1521545403251,363387.0
ULB4A,1521549002079,363310.0
ULB4A,1521552595521,363359.0
ULB4A,1521556196781,363360.0
ULB4A,1521559799026,363311.0
ULB4A,1521563398341,363234.0
ULB4A,1521567002717,363328.0
ULB4A,1521570596469,363397.0
ULB4A,1521574202450,363387.0
ULB4A,1521577799551,363428.0
ULB4A,1521581401402,363414.0
ULB4A,1521584996182,363399.0
ULB4A,1521588604922,363336.0
ULB4A,1521592202965,363340.0
ULB4A,1521595795271,363345.0
ULB4A,1521599404587,363344.0
ULB4A,1521602995252,363266.0
ULB4A,1521606601940,363287.0
ULB4A,1521610197623,363201.0
ULB4A,1521613798739,363285.0
ULB4A,1521617400684,363245.0
ULB4A,1521620995131,363309.0
ULB4A,1521624599424,363297.0
ULB4A,1521628195676,363336.0
ULB4A,1521631796495,363367.0
ULB4A,1521635396538,363372.0
ULB4A,1521639000584,363323.0
ULB4A,1521642604792,363293.0
ULB4A,1521646202397,363365.0
ULB4A,1521649800034,363376.0
ULB4A,1521653402457,363404.0
ULB4A,1521656999449,363306.0
ULB4A,1521660603753,363207.0
ULB4A,1521664203913,363129.0
ULB4A,1521667800940,363214.0
ULB4A,1521671401270,363120.0
ULB4A,1521674998534,363211.0
ULB4A,1521678595749,363293.0
ULB4A,1521682198574,363242.0
ULB4A,1521685802166,363331.0
ULB4A,1521689400633,363252.0
ULB4A,1521693003342,363260.0
ULB4A,1521696595935,363259.0
ULB4A,1521700204850,363165.0
ULB4A,1521703798555,363162.0
ULB4A,1521707397198,363108.0
ULB4A,1521711003775,363009.0
ULB4A,1521714604293,362933.0
ULB4A,1521718202229,363003.0
ULB4A,1521721795794,362918.0
ULB4A,1521725395490,362943.0
ULB4A,1521729003692,362962.0
ULB4A,1521732599267,363050.0
ULB4A,1521736197736,362997.0
ULB4A,1521739804411,362930.0
ULB4A,1521743400199,362978.0
ULB4A,1521746998372,363019.0
ULB4A,1521750597792,362921.0
ULB4A,1521754196386,362960.0
ULB4A,1521757801384,362889.0
ULB4A,1521761395238,362815.0
ULB4A,1521765002253,362771.0
ULB4A,1521768599903,362857.0
ULB4A,1521772204225,362757.0
ULB4A,1521775802796,362711.0
ULB4A,1521779400770,362717.0
ULB4A,1521782999550,362708.0
ULB4A,1521786596504,362708.0
ULB4A,1521790200810,362708.0
ULB4A,1521793803223,362734.0
ULB4A,1521797399418,362708.0
ULB4A,1521801000244,362708.0
ULB4A,1521804602164,362708.0
ULB4A,1521808199172,362728.0
ULB4A,1521811796484,362708.0
ULB4A,1521815397582,362781.0
ULB4A,1521819003620,362845.0
ULB4A,1521822597874,362891.0
ULB4A,1521826198299,362825.0
ULB4A,1521829802786,362846.0
ULB4A,1521833403827,362831.0
ULB4A,1521836998334,362925.0
ULB4A,1521840595299,362862.0
ULB4A,1521844201677,362861.0
ULB4A,1521847801692,362802.0
ULB4A,1521851400791,362859.0
ULB4A,1521854998576,362768.0
ULB4A,1521858595023,362771.0
ULB4A,1521862203614,362745.0
ULB4A,1521865798989,362784.0
ULB4A,1521869401658,362882.0
ULB4A,1521873000856,362946.0
ULB4A,1521876595816,362937.0
ULB4A,1521880200081,362870.0
ULB4A,1521883799432,362866.0
ULB4A,1521887398892,362780.0
ULB4A,1521890999901,362875.0
ULB4A,1521894597594,362961.0
ULB4A,1521898196519,362949.0
ULB4A,1521901797313,362893.0
ULB4A,1521905395711,362811.0
ULB4A,1521908999579,362818.0
ULB4A,1521912604705,362899.0
ULB4A,1521916202749,362926.0
ULB4A,1521919799637,362916.0
ULB4A,1521923403039,362976.0
ULB4A,1521927001032,362886.0
ULB4A,1521930599850,362858.0
ULB4A,1521934197975,362774.0
ULB4A,1521937798928,362791.0
ULB4A,1521941399466,362885.0
ULB4A,1521945002692,362792.0
ULB4A,1521948599822,362891.0
ULB4A,1521952204424,362931.0
ULB4A,1521955798268,363008.0
ULB4A,1521959400503,362944.0
ULB4A,1521962998966,362957.0
ULB4A,1521966597480,363034.0
ULB4A,1521970203073,362982.0
ULB4A,1521973795715,363037.0
ULB4A,1521977402189,362963.0
ULB4A,1521981000239,362910.0
ULB4A,1521984600433,362995.0
ULB4A,1521988200441,362986.0
ULB4A,1521991804083,363046.0
ULB4A,1521995396880,362986.0
ULB4A,1521998997717,362926.0
ULB4A,1522002600652,362870.0
ULB4A,1522006197914,362831.0
ULB4A,1522009802911,362871.0
ULB4A,1522013399559,362829.0
ULB4A,1522017002930,362752.0
ULB4A,1522020603125,362771.0
ULB4A,1522024200642,362724.0
ULB4A,1522027800868,362811.0
ULB4A,1522031404435,362798.0
ULB4A,1522034997595,362875.0
ULB4A,1522038600049,362934.0
ULB4A,1522042196475,362973.0
ULB4A,1522045799031,363037.0
ULB4A,1522049399490,363136.0
ULB4A,1522053004023,363209.0
ULB4A,1522056601644,363171.0
ULB4A,1522060202265,363255.0
ULB4A,1522063796902,363281.0
ULB4A,1522067401569,363380.0
ULB4A,1522071004363,363284.0
ULB4A,1522074604552,363279.0
ULB4A,1522078200129,363368.0
ULB4A,1522081796108,363406.0
ULB4A,1522085402157,363429.0
ULB4A,1522088997154,363412.0
ULB4A,1522092603906,363411.0
ULB4A,1522096197736,363465.0
ULB4A,1522099800824,363411.0
ULB4A,1522103403081,363474.0
ULB4A,1522106995960,363434.0
ULB4A,1522110602713,363424.0
ULB4A,1522114203781,363456.0
ULB4A,1522117803280,363514.0
ULB4A,1522121401493,363433.0
ULB4A,1522125001970,363433.0
ULB4A,1522128600078,363477.0
ULB4A,1522132197308,363392.0
ULB4A,1522135795821,363373.0
ULB4A,1522139397658,363283.0
ULB4A,1522142997713,363208.0
ULB4A,1522146600181,363152.0
ULB4A,1522150198806,363110.0
ULB4A,1522153795273,363197.0
ULB4A,1522157398381,363275.0
ULB4A,1522161003395,363281.0
ULB4A,1522164596567,363355.0
ULB4A,1522168203641,363426.0
ULB4A,1522171797954,363440.0
ULB4A,1522175403251,363455.0
ULB4A,1522179004363,363504.0
ULB4A,1522182604039,363473.0
ULB4A,1522186199858,363511.0
ULB4A,1522189798802,363465.0
ULB4A,1522193400557,363493.0
ULB4A,1522196998433,363465.0
ULB4A,1522200600452,363408.0
ULB4A,1522204201950,363424.0
ULB4A,1522207802843,363404.0
ULB4A,1522211400199,363489.0
ULB4A,1522214997405,363424.0
ULB4A,1522218599178,363447.0
ULB4A,1522222196597,363400.0
ULB4A,1522225805004,363486.0
ULB4A,1522229395815,363521.0
ULB4A,1522232995032,363435.0
ULB4A,1522236596493,363383.0
ULB4A,1522240197268,363460.0
ULB4A,1522243796060,363465.0
ULB4A,1522247398590,363370.0
ULB4A,1522251004966,363456.0
ULB4A,1522254597573,363381.0
ULB4A,1522258199258,363292.0
ULB4A,1522261795091,363311.0
ULB4A,1522265402262,363353.0
ULB4A,1522269001063,363349.0
ULB4A,1522272598014,363436.0
ULB4A,1522276199312,363396.0
ULB4A,1522279798741,363449.0
ULB4A,1522283402133,363359.0
ULB4A,1522287004298,363307.0
ULB4A,1522290596001,363207.0
ULB4A,1522294200846,363239.0
ULB4A,1522297803324,363307.0
ULB4A,1522301402016,363285.0
ULB4A,1522305002804,363297.0
ULB4A,1522308604698,363293.0
ULB4A,1522312200937,363320.0
ULB4A,1522315804774,363243.0
ULB4A,1522319400454,363331.0
ULB4A,1522323004458,363412.0
ULB4A,1522326597052,363350.0
ULB4A,1522330203698,363317.0
ULB4A,1522333804651,363252.0
ULB4A,1522337399964,363213.0
ULB4A,1522340999289,363251.0
ULB4A,1522344598909,363184.0
ULB4A,1522348199220,363129.0
ULB4A,1522351804866,363120.0
ULB4A,1522355400803,363056.0
ULB4A,1522359000450,363050.0
ULB4A,1522362604904,363120.0
ULB4A,1522366199264,363169.0
ULB4A,1522369802321,363153.0
ULB4A,1522373400061,363210.0
ULB4A,1522377002797,363248.0
ULB4A,1522380599387,363184.0
ULB4A,1522384195275,363095.0
ULB4A,1522387804734,363085.0
ULB4A,1522391401117,363019.0
ULB4A,1522394996188,363068.0
ULB4A,1522398598396,363056.0
ULB4A,1522402201605,363147.0
ULB4A,1522405800100,363209.0
ULB4A,1522409399149,363205.0
ULB4A,1522412995023,363125.0
ULB4A,1522416602933,363054.0
ULB4A,1522420197470,363096.0
ULB4A,1522423797145,363033.0
ULB4A,1522427404979,363055.0
ULB4A,1522431000387,363032.0
ULB4A,1522434598298,362984.0
ULB4A,1522438197246,362899.0
ULB4A,1522441798456,362904.0
ULB4A,1522445395558,362937.0
ULB4A,1522449001804,362887.0
ULB4A,1522452595819,362955.0
ULB4A,1522456204401,362900.0
ULB4A,1522459797206,362853.0
ULB4A,1522463395700,362830.0
ULB4A,1522467000340,362779.0
ULB4A,1522470595489,362813.0
ULB4A,1522474197743,362786.0
ULB4A,1522477799306,362842.0
ULB4A,1522481396890,362767.0
ULB4A,1522485004576,362759.0
ULB4A,1522488595180,362854.0
ULB4A,1522492200211,362932.0
ULB4A,1522495798453,363007.0
ULB4A,1522499399462,362982.0
ULB4A,1522502996734,362997.0
ULB4A,1522506600138,362971.0
ULB4A,1522510203101,362969.0
ULB4A,1522513802988,363053.0
ULB4A,1522517401684,363080.0
ULB4A,1522521001306,363075.0
ULB4A,1522524602906,363011.0
ULB4A,1522528196527,363040.0
ULB4A,1522531797938,363075.0
ULB4A,1522535398992,362976.0
ULB4A,1522539003544,362880.0
ULB4A,1522542597998,362938.0
ULB4A,1522546201004,362918.0
ULB4A,1522549804587,362870.0
ULB4A,1522553396263,362812.0
ULB4A,1522556998953,362734.0
ULB4A,1522560598185,362799.0
ULB4A,1522564204621,362720.0
ULB4A,1522567796532,362772.0
ULB4A,1522571395042,362708.0
ULB4A,1522575000754,362729.0
ULB4A,1522578604217,362708.0
ULB4A,1522582198787,362708.0
ULB4A,1522585802877,362800.0
ULB4A,1522589395954,362793.0
ULB4A,1522593000100,362713.0
ULB4A,1522596600102,362774.0
ULB4A,1522600203457,362788.0
ULB4A,1522603799270,362752.0
ULB4A,1522607399413,362801.0
ULB4A,1522610998965,362759.0
ULB4A,1522614601622,362708.0
ULB4A,1522618197964,362708.0
ULB4A,1522621797335,362719.0
ULB4A,1522625396310,362708.0
ULB4A,1522628996982,362708.0
ULB4A,1522632602230,362708.0
ULB4A,1522636198468,362790.0
ULB4A,1522639804163,362891.0
ULB4A,1522643398446,362857.0
ULB4A,1522646999365,362940.0
ULB4A,1522650600154,362932.0
ULB4A,1522654198905,362967.0
ULB4A,1522657798332,362950.0
ULB4A,1522661398751,362923.0
ULB4A,1522665003015,362953.0
ULB4A,1522668598373,362893.0
ULB4A,1522672198385,362897.0
ULB4A,1522675796747,362941.0
ULB4A,1522679397806,363022.0
ULB4A,1522683004934,363003.0
ULB4A,1522686603389,363020.0
ULB4A,1522690204082,363113.0
ULB4A,1522693803121,363142.0
ULB4A,1522697397615,363093.0
ULB4A,1522701000039,363116.0
ULB4A,1522704596797,363030.0
ULB4A,1522708201254,362940.0
ULB4A,1522711804404,363031.0
ULB4A,1522715399268,362988.0
ULB4A,1522719002827,362934.0
ULB4A,1522722598692,362870.0
ULB4A,1522726200601,362949.0
ULB4A,1522729795277,362923.0
ULB4A,1522733399754,362933.0
ULB4A,1522737003204,362888.0
ULB4A,1522740595896,362829.0
ULB4A,1522744199963,362764.0
ULB4A,1522747800858,362750.0
ULB4A,1522751400531,362708.0
ULB4A,1522755004586,362807.0
ULB4A,1522758599643,362743.0
ULB4A,1522762200432,362794.0
ULB4A,1522765798908,362857.0
ULB4A,1522769398571,362834.0
ULB4A,1522773001756,362734.0
ULB4A,1522776595054,362708.0
ULB4A,1522780202016,362708.0
ULB4A,1522783798536,362708.0
ULB4A,1522787401950,362808.0
ULB4A,1522790996157,362773.0
ULB4A,1522794595791,362726.0
ULB4A,1522798203905,362777.0
ULB4A,1522801804307,362727.0
ULB4A,1522805396628,362708.0
ULB4A,1522808999134,362719.0
ULB4A,1522812601481,362785.0
ULB4A,1522816204527,362708.0
ULB4A,1522819795951,362708.0
ULB4A,1522823403600,362801.0
ULB4A,1522826998626,362799.0
ULB4A,1522830595625,362708.0
ULB4A,1522834201355,362745.0
ULB4A,1522837802735,362836.0
ULB4A,1522841403075,362901.0
ULB4A,1522844999577,362939.0
ULB4A,1522848600503,362911.0
ULB4A,1522852197650,362954.0
ULB4A,1522855796580,362902.0
ULB4A,1522859403402,362883.0
ULB4A,1522862996402,362888.0
ULB4A,1522866598917,362851.0
ULB4A,1522870199454,362939.0
ULB4A,1522873797655,362913.0
ULB4A,1522877395425,362824.0
ULB4A,1522880997734,362891.0
ULB4A,1522884596462,362864.0
ULB4A,1522888202719,362789.0
ULB4A,1522891795128,362886.0
ULB4A,1522895396628,362885.0
ULB4A,1522898999584,362928.0
ULB4A,1522902602946,362838.0
ULB4A,1522906198925,362888.0
ULB4A,1522909804417,362822.0
ULB4A,1522913398757,362896.0
ULB4A,1522917003363,362967.0
ULB4A,1522920602202,363006.0
ULB4A,1522924203294,362929.0
ULB4A,1522927798095,362907.0
ULB4A,1522931400374,362985.0
ULB4A,1522934995881,363054.0
ULB4A,1522938600723,363087.0
ULB4A,1522942202273,363100.0
ULB4A,1522945799665,363017.0
ULB4A,1522949399783,362994.0
ULB4A,1522953004549,362952.0
ULB4A,1522956599602,363053.0
ULB4A,1522960198316,362990.0
ULB4A,1522963801827,363055.0
ULB4A,1522967399951,363084.0
ULB4A,1522971004617,362996.0
ULB4A,1522974598723,362964.0
ULB4A,1522978200302,363017.0
ULB4A,1522981800828,362930.0
ULB4A,1522985397855,362911.0
ULB4A,1522989002848,362913.0
ULB4A,1522992596218,362993.0
ULB4A,1522996202281,363064.0
ULB4A,1522999796114,363045.0
ULB4A,1523003396355,363047.0
ULB4A,1523006999741,363031.0
ULB4A,1523010599653,363019.0
ULB4A,1523014196685,362995.0
ULB4A,1523017795468,362957.0
ULB4A,1523021401356,362958.0
ULB4A,1523025000002,363058.0
ULB4A,1523028599586,363075.0
ULB4A,1523032201165,363011.0
ULB4A,1523035796770,362917.0
ULB4A,1523039398899,362824.0
ULB4A,1523043000355,362910.0
ULB4A,1523046601226,362982.0
ULB4A,1523050197929,363083.0
ULB4A,1523053802925,363019.0
ULB4A,1523057401074,362985.0
ULB4A,1523061001402,363019.0
ULB4A,1523064604269,362959.0
ULB4A,1523068198296,363041.0
ULB4A,1523071802230,363020.0
ULB4A,1523075398213,362980.0
ULB4A,1523078999134,362903.0
ULB4A,1523082596813,362932.0
ULB4A,1523086196551,362983.0
ULB4A,1523089801557,363026.0
ULB4A,1523093398780,363069.0
ULB4A,1523096995335,363148.0
ULB4A,1523100596750,363076.0
ULB4A,1523104198904,363010.0
ULB4A,1523107795226,362916.0
ULB4A,1523111400788,362927.0
ULB4A,1523115002503,362982.0
ULB4A,1523118603306,362936.0
ULB4A,1523122199773,362873.0
ULB4A,1523125801698,362896.0
ULB4A,1523129396240,362957.0
ULB4A,1523132998156,362974.0
ULB4A,1523136598635,362897.0
ULB4A,1523140204612,362979.0
ULB4A,1523143803593,362980.0
ULB4A,1523147401313,363059.0
ULB4A,1523150997854,363010.0
ULB4A,1523154603868,362919.0
ULB4A,1523158204788,362889.0
ULB4A,1523161804525,362980.0
ULB4A,1523165395200,363015.0
ULB4A,1523169002112,363043.0
ULB4A,1523172598852,363137.0
ULB4A,1523176200358,363127.0
ULB4A,1523179804927,363186.0
ULB4A,1523183402215,363111.0
ULB4A,1523186997135,363126.0
ULB4A,1523190597044,363033.0
ULB4A,1523194204184,362992.0
ULB4A,1523197795915,363014.0
ULB4A,1523201403342,363055.0
ULB4A,1523205000691,363028.0
ULB4A,1523208602413,363098.0
ULB4A,1523212203910,363188.0
ULB4A,1523215800281,363224.0
ULB4A,1523219395965,363253.0
ULB4A,1523223004689,363292.0
ULB4A,1523226603478,363196.0
ULB4A,1523230204909,363166.0
ULB4A,1523233798146,363175.0
ULB4A,1523237402504,363132.0
ULB4A,1523241002267,363122.0
ULB4A,1523244596631,363022.0
ULB4A,1523248196834,362960.0
ULB4A,1523251802841,363043.0
ULB4A,1523255400598,363028.0
ULB4A,1523259002904,362958.0
ULB4A,1523262596559,362978.0
ULB4A,1523266197789,362949.0
ULB4A,1523269802265,363001.0
ULB4A,1523273395505,362949.0
ULB4A,1523276996461,362861.0
ULB4A,1523280599999,362868.0
ULB4A,1523284199467,362843.0
ULB4A,1523287801254,362925.0
ULB4A,1523291401203,362864.0
ULB4A,1523294998507,362868.0
ULB4A,1523298602338,362845.0
ULB4A,1523302197181,362843.0
ULB4A,1523305800105,362831.0
ULB4A,1523309400193,362775.0
ULB4A,1523312996729,362760.0
ULB4A,1523316603646,362848.0
ULB4A,1523320202378,362854.0
ULB4A,1523323800130,362845.0
ULB4A,1523327398345,362758.0
ULB4A,1523331000129,362708.0
ULB4A,1523334601185,362801.0
ULB4A,1523338199567,362807.0
ULB4A,1523341803937,362708.0
ULB4A,1523345395156,362708.0
ULB4A,1523348997789,362708.0
ULB4A,1523352604350,362803.0
ULB4A,1523356199872,362708.0
ULB4A,1523359795428,362708.0
ULB4A,1523363403726,362722.0
ULB4A,1523366997158,362708.0
ULB4A,1523370602280,362708.0
ULB4A,1523374203313,362708.0
ULB4A,1523377803175,362708.0
ULB4A,1523381402239,362708.0
ULB4A,1523384995786,362767.0
ULB4A,1523388596365,362834.0
ULB4A,1523392197036,362774.0
ULB4A,1523395801365,362735.0
ULB4A,1523399399454,362720.0
ULB4A,1523402996746,362708.0
ULB4A,1523406604099,362750.0
ULB4A,1523410200115,362770.0
ULB4A,1523413802650,362844.0
ULB4A,1523417403633,362852.0
ULB4A,1523421000165,362808.0
ULB4A,1523424597978,362854.0
ULB4A,1523428199543,362951.0
ULB4A,1523431798007,362989.0
ULB4A,1523435398283,362945.0
ULB4A,1523439003305,363025.0
ULB4A,1523442603105,362928.0
ULB4A,1523446201239,362910.0
ULB4A,1523449800051,362846.0
ULB4A,1523453395940,362930.0
ULB4A,1523457003028,362918.0
ULB4A,1523460596765,362885.0
ULB4A,1523464202682,362789.0
ULB4A,1523467798031,362708.0
ULB4A,1523471397650,362790.0
ULB4A,1523474995478,362871.0
ULB4A,1523478602865,362785.0
ULB4A,1523482200178,362871.0
ULB4A,1523485796778,362902.0
ULB4A,1523489402035,362877.0
ULB4A,1523493001642,362930.0
ULB4A,1523496596100,362841.0
ULB4A,1523500196160,362775.0
ULB4A,1523503804853,362722.0
ULB4A,1523507402377,362792.0
ULB4A,1523511002449,362715.0
ULB4A,1523514602841,362708.0
ULB4A,1523518198511,362708.0
ULB4A,1523521803925,362805.0
ULB4A,1523525397846,362804.0
ULB4A,1523528996157,362802.0
ULB4A,1523532599593,362869.0
ULB4A,1523536204806,362776.0
ULB4A,1523539798417,362708.0
ULB4A,1523543399861,362708.0
ULB4A,1523546998425,362708.0
ULB4A,1523550600807,362708.0
ULB4A,1523554198884,362708.0
ULB4A,1523557795068,362708.0
ULB4A,1523561396698,362708.0
ULB4A,1523564997811,362788.0
ULB4A,1523568602080,362767.0
ULB4A,1523572200208,362726.0
ULB4A,1523575803254,362708.0
ULB4A,1523579404329,362777.0
ULB4A,1523583000780,362727.0
ULB4A,1523586595295,362708.0
ULB4A,1523590201229,362708.0
ULB4A,1523593795593,362708.0
ULB4A,1523597402061,362725.0
ULB4A,1523600997516,362708.0
ULB4A,1523604601918,362808.0
ULB4A,1523608200950,362874.0
ULB4A,1523611799372,362945.0
ULB4A,1523615402105,363037.0
ULB4A,1523618999722,363125.0
ULB4A,1523622601492,363153.0
ULB4A,1523626203525,363078.0
ULB4A,1523629798060,362984.0
ULB4A,1523633395382,363031.0
ULB4A,1523636999737,363058.0
ULB4A,1523640600788,363077.0
ULB4A,1523644204044,362993.0
ULB4A,1523647802599,363045.0
ULB4A,1523651401854,362960.0
ULB4A,1523655002184,362982.0
ULB4A,1523658596547,362964.0
ULB4A,1523662198021,363044.0
ULB4A,1523665801900,363121.0
ULB4A,1523669400706,363027.0
ULB4A,1523673000411,363005.0
ULB4A,1523676595290,363099.0
ULB4A,1523680196273,362999.0
ULB4A,1523683795028,362993.0
ULB4A,1523687396563,363003.0
ULB4A,1523691004529,363046.0
ULB4A,1523694595482,362987.0
ULB4A,1523698204275,362955.0
ULB4A,1523701795561,362997.0
ULB4A,1523705404889,363025.0
ULB4A,1523708996040,362995.0
ULB4A,1523712596887,363028.0
ULB4A,1523716198766,363109.0
ULB4A,1523719801026,363126.0
ULB4A,1523723403005,363044.0
ULB4A,1523727001240,363007.0
ULB4A,1523730597207,362926.0
ULB4A,1523734196700,362925.0
ULB4A,1523737802301,362872.0
ULB4A,1523741401184,362855.0
ULB4A,1523745002408,362781.0
ULB4A,1523748597453,362708.0
ULB4A,1523752199471,362729.0
ULB4A,1523755798189,362708.0
ULB4A,1523759399512,362775.0
ULB4A,1523763001769,362832.0
ULB4A,1523766595835,362761.0
ULB4A,1523770197678,362811.0
ULB4A,1523773801697,362763.0
ULB4A,1523777397017,362770.0
ULB4A,1523781001980,362708.0
ULB4A,1523784596339,362708.0
ULB4A,1523788202527,362758.0
ULB4A,1523791800903,362708.0
ULB4A,1523795397053,362754.0
ULB4A,1523799004431,362766.0
ULB4A,1523802595246,362767.0
ULB4A,1523806203357,362723.0
ULB4A,1523809797725,362708.0
ULB4A,1523813403734,362768.0
ULB4A,1523816998014,362852.0
ULB4A,1523820599035,362859.0
ULB4A,1523824203852,362864.0
ULB4A,1523827801585,362840.0
ULB4A,1523831399089,362930.0
ULB4A,1523834998671,362852.0
ULB4A,1523838598749,362849.0
ULB4A,1523842203174,362939.0
ULB4A,1523845795048,362958.0
ULB4A,1523849397004,362971.0
ULB4A,1523853001156,362971.0
ULB4A,1523856599523,362883.0
ULB4A,1523860196987,362820.0
ULB4A,1523863802485,362903.0
ULB4A,1523867402039,362813.0
ULB4A,1523871002114,362742.0
ULB4A,1523874603344,362832.0
ULB4A,1523878203985,362824.0
ULB4A,1523881800639,362734.0
ULB4A,1523885401635,362708.0
ULB4A,1523888999664,362711.0
ULB4A,1523892595991,362800.0
ULB4A,1523896196102,362772.0
ULB4A,1523899804695,362708.0
ULB4A,1523903395319,362708.0
ULB4A,1523906996497,362778.0
ULB4A,1523910600199,362856.0
ULB4A,1523914202704,362811.0
ULB4A,1523917796338,362773.0
ULB4A,1523921401818,362772.0
ULB4A,1523925004434,362737.0
ULB4A,1523928595076,362708.0
ULB4A,1523932195600,362708.0
ULB4A,1523935804593,362708.0
ULB4A,1523939398791,362708.0
ULB4A,1523943001993,362782.0
ULB4A,1523946596755,362813.0
ULB4A,1523950204117,362903.0
ULB4A,1523953802504,362971.0
ULB4A,1523957404840,362938.0
ULB4A,1523961004318,363009.0
ULB4A,1523964603113,362926.0
ULB4A,1523968196922,362996.0
ULB4A,1523971803868,363013.0
ULB4A,1523975395271,362999.0
ULB4A,1523979000511,363044.0
ULB4A,1523982603042,363056.0
ULB4A,1523986201009,363016.0
ULB4A,1523989804036,363046.0
ULB4A,1523993402862,363102.0
ULB4A,1523997000505,363127.0
ULB4A,1524000598887,363218.0
ULB4A,1524004202399,363191.0
ULB4A,1524007800030,363244.0
ULB4A,1524011395514,363173.0
ULB4A,1524014998334,363215.0
ULB4A,1524018598355,363194.0
ULB4A,1524022199800,363094.0
ULB4A,1524025801968,363080.0
ULB4A,1524029397049,363164.0
ULB4A,1524032997213,363218.0
ULB4A,1524036597720,363196.0
ULB4A,1524040201002,363111.0
ULB4A,1524043796781,363035.0
ULB4A,1524047404686,363125.0
ULB4A,1524051002572,363028.0
ULB4A,1524054597992,362968.0
ULB4A,1524058199841,363013.0
ULB4A,1524061804198,363101.0
ULB4A,1524065398901,363158.0
ULB4A,1524069000861,363208.0
ULB4A,1524072602669,363273.0
ULB4A,1524076203064,363238.0
ULB4A,1524079799922,363303.0
ULB4A,1524083395149,363391.0
ULB4A,1524087001084,363388.0
ULB4A,1524090600682,363384.0
ULB4A,1524094200298,363346.0
ULB4A,1524097797742,363353.0
ULB4A,1524101396076,363274.0
ULB4A,1524105002484,363240.0
ULB4A,1524108599456,363268.0
ULB4A,1524112196393,363355.0
ULB4A,1524115796682,363440.0
ULB4A,1524119399357,363355.0
ULB4A,1524123002046,363365.0
ULB4A,1524126597544,363460.0
ULB4A,1524130202904,363556.0
ULB4A,1524133797395,363519.0
ULB4A,1524137396396,363444.0
ULB4A,1524141001622,363382.0
ULB4A,1524144599673,363319.0
ULB4A,1524148196529,363288.0
ULB4A,1524151802871,363336.0
ULB4A,1524155404212,363287.0
ULB4A,1524158996177,363202.0
ULB4A,1524162599800,363133.0
ULB4A,1524166200221,363111.0
ULB4A,1524169798735,363104.0
ULB4A,1524173399815,363170.0
ULB4A,1524177002425,363240.0
ULB4A,1524180604653,363312.0
ULB4A,1524184197900,363354.0
ULB4A,1524187797589,363307.0
ULB4A,1524191396566,363288.0
ULB4A,1524195004233,363191.0
ULB4A,1524198596687,363198.0
ULB4A,1524202195124,363135.0
ULB4A,1524205796982,363131.0
ULB4A,1524209396725,363190.0
ULB4A,1524213001309,363271.0
ULB4A,1524216603953,363181.0
ULB4A,1524220200288,363081.0
ULB4A,1524223797655,363124.0
ULB4A,1524227400559,363172.0
ULB4A,1524230997085,363254.0
ULB4A,1524234595612,363299.0
ULB4A,1524238203223,363218.0
ULB4A,1524241798032,363244.0
ULB4A,1524245404918,363299.0
ULB4A,1524248996903,363245.0
ULB4A,1524252595486,363187.0
ULB4A,1524256201035,363269.0
ULB4A,1524259803392,363216.0
ULB4A,1524263397357,363211.0
ULB4A,1524267004968,363189.0
ULB4A,1524270603343,363264.0
ULB4A,1524274201232,363242.0
ULB4A,1524277803742,363284.0
ULB4A,1524281404579,363314.0
ULB4A,1524284998477,363227.0
ULB4A,1524288598365,363204.0
ULB4A,1524292195532,363198.0
ULB4A,1524295801839,363179.0
ULB4A,1524299400502,363168.0
ULB4A,1524303001776,363106.0
ULB4A,1524306597881,363111.0
ULB4A,1524310196781,363101.0
ULB4A,1524313796383,363135.0
ULB4A,1524317400914,363059.0
ULB4A,1524321003210,363066.0
ULB4A,1524324603538,363002.0
ULB4A,1524328199966,362906.0
ULB4A,1524331803026,362946.0
ULB4A,1524335396264,362846.0
ULB4A,1524338999412,362835.0
ULB4A,1524342597452,362777.0
ULB4A,1524346195822,362730.0
ULB4A,1524349802635,362708.0
ULB4A,1524353399097,362708.0
ULB4A,1524357001154,362746.0
ULB4A,1524360603014,362781.0
ULB4A,1524364200511,362780.0
ULB4A,1524367798316,362851.0
ULB4A,1524371397902,362851.0
ULB4A,1524375003678,362928.0
ULB4A,1524378598401,362845.0
ULB4A,1524382197689,362939.0
ULB4A,1524385802317,362875.0
ULB4A,1524389403259,362786.0
ULB4A,1524393003201,362742.0
ULB4A,1524396596814,362708.0
ULB4A,1524400197552,362777.0
ULB4A,1524403803410,362731.0
ULB4A,1524407403295,362829.0
ULB4A,1524411001162,362798.0
ULB4A,1524414604441,362809.0
ULB4A,1524418203614,362728.0
ULB4A,1524421801183,362740.0
ULB4A,1524425399902,362761.0
ULB4A,1524428996221,362708.0
ULB4A,1524432599976,362708.0
ULB4A,1524436196710,362708.0
ULB4A,1524439798896,362708.0
ULB4A,1524443400353,362787.0
ULB4A,1524446998878,362708.0
ULB4A,1524450600220,362791.0
ULB4A,1524454196421,362762.0
ULB4A,1524457804702,362840.0
ULB4A,1524461395695,362791.0
ULB4A,1524465001882,362738.0
ULB4A,1524468598180,362737.0
ULB4A,1524472200159,362708.0
ULB4A,1524475802026,362710.0
ULB4A,1524479402652,362793.0
ULB4A,1524482997656,362806.0
ULB4A,1524486604335,362825.0
ULB4A,1524490197028,362743.0
ULB4A,1524493795309,362723.0
ULB4A,1524497400764,362763.0
ULB4A,1524501001677,362708.0
ULB4A,1524504599584,362708.0
ULB4A,1524508200687,362742.0
ULB4A,1524511799358,362819.0
ULB4A,1524515401978,362781.0
ULB4A,1524518996855,362790.0
ULB4A,1524522595618,362708.0
ULB4A,1524526200477,362708.0
ULB4A,1524529800583,362708.0
ULB4A,1524533398159,362708.0
ULB4A,1524536996025,362708.0
ULB4A,1524540601389,362708.0
ULB4A,1524544196793,362733.0
ULB4A,1524547804245,362830.0
ULB4A,1524551397195,362763.0
ULB4A,1524554998192,362708.0
ULB4A,1524558601558,362712.0
ULB4A,1524562201477,362708.0
ULB4A,1524565800349,362762.0
ULB4A,1524569403660,362784.0
ULB4A,1524573001255,362852.0
ULB4A,1524576595358,362894.0
ULB4A,1524580201050,362851.0
ULB4A,1524583796217,362855.0
ULB4A,1524587403477,362929.0
ULB4A,1524590998897,362842.0
ULB4A,1524594604492,362846.0
ULB4A,1524598200753,362833.0
ULB4A,1524601797438,362788.0
ULB4A,1524605399296,362844.0
ULB4A,1524609001010,362936.0
ULB4A,1524612604592,362953.0
ULB4A,1524616198911,362900.0
ULB4A,1524619804433,362917.0
ULB4A,1524623403738,362819.0
ULB4A,1524626997603,362789.0
ULB4A,1524630595273,362708.0
ULB4A,1524634202474,362708.0
ULB4A,1524637802485,362708.0
ULB4A,1524641395322,362708.0
ULB4A,1524644997390,362708.0
ULB4A,1524648598388,362724.0
ULB4A,1524652196968,362708.0
ULB4A,1524655796680,362786.0
ULB4A,1524659401315,362814.0
ULB4A,1524663001753,362802.0
ULB4A,1524666595239,362881.0
ULB4A,1524670197776,362803.0
ULB4A,1524673803597,362836.0
ULB4A,1524677399751,362924.0
ULB4A,1524680995177,362925.0
ULB4A,1524684597351,362978.0
ULB4A,1524688196533,362917.0
ULB4A,1524691804557,363011.0
ULB4A,1524695403945,363080.0
ULB4A,1524699000278,362988.0
ULB4A,1524702603638,363067.0
ULB4A,1524706199387,362980.0
ULB4A,1524709798209,362998.0
ULB4A,1524713396983,363087.0
ULB4A,1524717001483,363015.0
ULB4A,1524720600484,363063.0
ULB4A,1524724195198,363142.0
ULB4A,1524727799428,363200.0
ULB4A,1524731403203,363242.0
ULB4A,1524734997069,363178.0
ULB4A,1524738596912,363168.0
ULB4A,1524742201565,363127.0
ULB4A,1524745803903,363038.0
ULB4A,1524749402012,363071.0
ULB4A,1524752995641,363063.0
ULB4A,1524756597649,363125.0
ULB4A,1524760200704,363205.0
ULB4A,1524763795723,363235.0
ULB4A,1524767402363,363215.0
ULB4A,1524770999137,363164.0
ULB4A,1524774598923,363188.0
ULB4A,1524778201332,363130.0
ULB4A,1524781803579,363137.0
ULB4A,1524785405009,363052.0
ULB4A,1524789003974,363094.0
ULB4A,1524792596949,362998.0
ULB4A,1524796203730,363024.0
ULB4A,1524799800328,363094.0
ULB4A,1524803398634,363158.0
ULB4A,1524806997435,363075.0
ULB4A,1524810596808,363095.0
ULB4A,1524814200253,363128.0
ULB4A,1524817796145,363203.0
ULB4A,1524821396760,363178.0
ULB4A,1524825003930,363251.0
ULB4A,1524828596282,363166.0
ULB4A,1524832200311,363173.0
ULB4A,1524835802191,363263.0
ULB4A,1524839395555,363261.0
ULB4A,1524843000890,363212.0
ULB4A,1524846595690,363146.0
ULB4A,1524850198148,363232.0
ULB4A,1524853802819,363306.0
ULB4A,1524857403869,363295.0
ULB4A,1524860999163,363200.0
ULB4A,1524864599486,363144.0
ULB4A,1524868199420,363050.0
ULB4A,1524871797232,363121.0
ULB4A,1524875396316,363056.0
ULB4A,1524878998518,362979.0
ULB4A,1524882600401,363049.0
ULB4A,1524886195814,362955.0
ULB4A,1524889797809,363026.0
ULB4A,1524893396471,363004.0
ULB4A,1524897004728,363075.0
ULB4A,1524900596516,363146.0
ULB4A,1524904204338,363222.0
ULB4A,1524907802445,363265.0
ULB4A,1524911398359,363201.0
ULB4A,1524914995470,363231.0
ULB4A,1524918603429,363177.0
ULB4A,1524922200536,363127.0
ULB4A,1524925797304,363160.0
ULB4A,1524929395709,363138.0
ULB4A,1524933001974,363106.0
ULB4A,1524936600312,363100.0
ULB4A,1524940202182,363017.0
ULB4A,1524943800378,363059.0
ULB4A,1524947395920,362975.0
ULB4A,1524950995041,362879.0
ULB4A,1524954599055,362975.0
ULB4A,1524958200962,363001.0
ULB4A,1524961796978,363034.0
ULB4A,1524965395094,363029.0
ULB4A,1524969004050,363129.0
ULB4A,1524972595121,363032.0
ULB4A,1524976201741,363132.0
ULB4A,1524979802750,363121.0
ULB4A,1524983402496,363024.0
ULB4A,1524987004936,362974.0
ULB4A,1524990603330,363020.0
ULB4A,1524994204404,362974.0
ULB4A,1524997803372,363056.0
ULB4A,1525001395913,363082.0
ULB4A,1525004998454,363182.0
ULB4A,1525008598192,363095.0
ULB4A,1525012200445,363050.0
ULB4A,1525015798296,363063.0
ULB4A,1525019402511,363089.0
ULB4A,1525023004465,363044.0
ULB4A,1525026603080,363131.0
ULB4A,1525030201945,363082.0
ULB4A,1525033804582,363162.0
ULB4A,1525037397940,363153.0
ULB4A,1525041003480,363052.0
ULB4A,1525044599206,363105.0
ULB4A,1525048202869,363161.0
ULB4A,1525051801292,363092.0
ULB4A,1525055403479,363141.0
ULB4A,1525058997640,363074.0
ULB4A,1525062603512,363068.0
ULB4A,1525066196202,362968.0
ULB4A,1525069796900,362973.0
ULB4A,1525073396266,362942.0
ULB4A,1525076999229,362842.0
ULB4A,1525080600275,362778.0
ULB4A,1525084200621,362826.0
ULB4A,1525087800075,362810.0
ULB4A,1525091399893,362888.0
ULB4A,1525095000446,362904.0
ULB4A,1525098599588,362868.0
ULB4A,1525102197834,362925.0
ULB4A,1525105804914,362868.0
ULB4A,1525109397893,362905.0
ULB4A,1525112999995,362815.0
ULB4A,1525116596617,362871.0
ULB4A,1525120196825,362773.0
ULB4A,1525123804385,362714.0
ULB4A,1525127404826,362708.0
ULB4A,1525131004860,362775.0
ULB4A,1525134603679,362749.0
ULB4A,1525138198175,362708.0
ULB4A,1525141795525,362767.0
ULB4A,1525145402361,362837.0
ULB4A,1525149004477,362858.0
ULB4A,1525152595552,362849.0
ULB4A,1525156199176,362784.0
ULB4A,1525159796744,362712.0
ULB4A,1525163398366,362787.0
ULB4A,1525167004194,362794.0
ULB4A,1525170604477,362708.0
ULB4A,1525174199778,362708.0
ULB4A,1525177801085,362708.0
ULB4A,1525181398634,362708.0
ULB4A,1525184997521,362722.0
ULB4A,1525188602659,362708.0
ULB4A,1525192201850,362737.0
ULB4A,1525195796443,362708.0
ULB4A,1525199396436,362750.0
ULB4A,1525203003881,362708.0
ULB4A,1525206595827,362708.0
ULB4A,1525210197277,362746.0
ULB4A,1525213796792,362776.0
ULB4A,1525217396052,362837.0
ULB4A,1525221004428,362830.0
ULB4A,1525224596313,362787.0
ULB4A,1525228202447,362857.0
ULB4A,1525231795126,362877.0
ULB4A,1525235404841,362834.0
ULB4A,1525239004504,362888.0
ULB4A,1525242601006,362930.0
ULB4A,1525246204818,362881.0
ULB4A,1525249801537,362850.0
ULB4A,1525253399289,362752.0
ULB4A,1525257002510,362760.0
ULB4A,1525260604351,362807.0
ULB4A,1525264200651,362752.0
ULB4A,1525267799946,362842.0
ULB4A,1525271398456,362805.0
ULB4A,1525274997491,362766.0
ULB4A,1525278595617,362865.0
ULB4A,1525282203564,362808.0
ULB4A,1525285803030,362763.0
ULB4A,1525289400282,362801.0
ULB4A,1525293000769,362730.0
ULB4A,1525296602193,362708.0
ULB4A,1525300195222,362708.0
ULB4A,1525303795326,362708.0
ULB4A,1525307400808,362743.0
ULB4A,1525311003902,362708.0
ULB4A,1525314598552,362708.0
ULB4A,1525318197373,362777.0
ULB4A,1525321797592,362708.0
ULB4A,1525325395483,362799.0
ULB4A,1525328997004,362821.0
ULB4A,1525332598776,362913.0
ULB4A,1525336200705,362827.0
ULB4A,1525339796528,362873.0
ULB4A,1525343395110,362836.0
ULB4A,1525346999024,362892.0
ULB4A,1525350599048,362793.0
ULB4A,1525354196135,362708.0
ULB4A,1525357800668,362729.0
ULB4A,1525361399945,362708.0
ULB4A,1525365003061,362776.0
ULB4A,1525368600462,362747.0
ULB4A,1525372204756,362797.0
ULB4A,1525375797785,362830.0
ULB4A,1525379403006,362862.0
ULB4A,1525383003540,362959.0
ULB4A,1525386604600,362929.0
ULB4A,1525390195112,362882.0
ULB4A,1525393801887,362969.0
ULB4A,1525397401704,363026.0
ULB4A,1525400999699,362953.0
ULB4A,1525404602942,363004.0
ULB4A,1525408202947,363004.0
ULB4A,1525411796591,362982.0
ULB4A,1525415398659,363003.0
ULB4A,1525419002489,362951.0
ULB4A,1525422601689,362884.0
ULB4A,1525426198717,362794.0
ULB4A,1525429795463,362817.0
ULB4A,1525433403254,362917.0
ULB4A,1525436995394,362825.0
ULB4A,1525440604648,362771.0
ULB4A,1525444197072,362708.0
ULB4A,1525447804805,362708.0
ULB4A,1525451399647,362708.0
ULB4A,1525454999994,362800.0
ULB4A,1525458596945,362823.0
ULB4A,1525462204728,362736.0
ULB4A,1525465796549,362809.0
ULB4A,1525469396109,362793.0
ULB4A,1525473000673,362883.0
ULB4A,1525476600834,362945.0
ULB4A,1525480196075,362960.0
ULB4A,1525483803886,363054.0
ULB4A,1525487400629,363150.0
ULB4A,1525491002777,363123.0
ULB4A,1525494602072,363025.0
ULB4A,1525498198908,363063.0
ULB4A,1525501797304,363055.0
ULB4A,1525505399317,363024.0
ULB4A,1525508996198,363107.0
ULB4A,1525512595416,363109.0
ULB4A,1525516204757,363140.0
ULB4A,1525519795760,363165.0
ULB4A,1525523401299,363089.0
ULB4A,1525526995141,363086.0
ULB4A,1525530595768,363145.0
ULB4A,1525534200038,363049.0
ULB4A,1525537801645,363090.0
ULB4A,1525541399943,363080.0
ULB4A,1525544997251,362986.0
ULB4A,1525548598740,362950.0
ULB4A,1525552198963,362946.0
ULB4A,1525555795940,363026.0
ULB4A,1525559399508,363066.0
ULB4A,1525563004843,363105.0
ULB4A,1525566595800,363026.0
ULB4A,1525570200359,362938.0
ULB4A,1525573803953,363011.0
ULB4A,1525577396028,362918.0
ULB4A,1525581004561,362995.0
ULB4A,1525584597946,363095.0
ULB4A,1525588195342,363178.0
ULB4A,1525591801435,363122.0
ULB4A,1525595404899,363110.0
ULB4A,1525598996809,363193.0
ULB4A,1525602600803,363135.0
ULB4A,1525606204941,363100.0
ULB4A,1525609803575,363022.0
ULB4A,1525613398484,362957.0
ULB4A,1525616999849,363021.0
ULB4A,1525620596316,363023.0
ULB4A,1525624199064,363084.0
ULB4A,1525627799179,363050.0
ULB4A,1525631395978,362968.0
ULB4A,1525634997647,363039.0
ULB4A,1525638598753,362993.0
ULB4A,1525642200481,362959.0
ULB4A,1525645795958,362896.0
ULB4A,1525649397060,362995.0
ULB4A,1525653001570,362930.0
ULB4A,1525656596827,362933.0
ULB4A,1525660199338,362939.0
ULB4A,1525663802632,363004.0
ULB4A,1525667395689,362969.0
ULB4A,1525671001856,363038.0
ULB4A,1525674599705,363123.0
ULB4A,1525678198474,363191.0
ULB4A,1525681804955,363219.0
ULB4A,1525685402104,363196.0
ULB4A,1525688997013,363155.0
ULB4A,1525692599774,363057.0
ULB4A,1525696204522,363079.0
ULB4A,1525699798446,363167.0
ULB4A,1525703395860,363079.0
ULB4A,1525706997349,363011.0
ULB4A,1525710603389,362984.0
ULB4A,1525714195952,363021.0
ULB4A,1525717799357,363037.0
ULB4A,1525721404407,363109.0
ULB4A,1525724995693,363041.0
ULB4A,1525728603403,363089.0
ULB4A,1525732197177,363103.0
ULB4A,1525735800299,363188.0
ULB4A,1525739400548,363210.0
ULB4A,1525743001009,363119.0
ULB4A,1525746603828,363070.0
ULB4A,1525750198747,363041.0
ULB4A,1525753798814,362967.0
ULB4A,1525757401093,362879.0
ULB4A,1525761002267,362884.0
ULB4A,1525764598643,362861.0
ULB4A,1525768203529,362933.0
ULB4A,1525771795163,363025.0
ULB4A,1525775404462,363050.0
ULB4A,1525778995184,363137.0
ULB4A,1525782595222,363155.0
ULB4A,1525786196874,363226.0
ULB4A,1525789801229,363309.0
ULB4A,1525793401923,363288.0
ULB4A,1525796996600,363335.0
ULB4A,1525800602796,363398.0
ULB4A,1525804196989,363430.0
ULB4A,1525807796236,363399.0
ULB4A,1525811403473,363398.0
ULB4A,1525814999658,363448.0
ULB4A,1525818604241,363347.0
ULB4A,1525822204081,363375.0
ULB4A,1525825795114,363379.0
ULB4A,1525829400257,363399.0
ULB4A,1525832996610,363350.0
ULB4A,1525836595606,363323.0
ULB4A,1525840199097,363369.0
ULB4A,1525843802321,363322.0
ULB4A,1525847402186,363227.0
ULB4A,1525850997604,363285.0
ULB4A,1525854598170,363232.0
ULB4A,1525858196523,363295.0
ULB4A,1525861799314,363392.0
ULB4A,1525865402485,363450.0
ULB4A,1525868996040,363417.0
ULB4A,1525872596960,363408.0
ULB4A,1525876201737,363460.0
ULB4A,1525879803235,363410.0
ULB4A,1525883401107,363444.0
ULB4A,1525887004550,363466.0
ULB4A,1525890599198,363406.0
ULB4A,1525894197950,363491.0
ULB4A,1525897801321,363482.0
ULB4A,1525901401732,363404.0
ULB4A,1525904999458,363504.0
ULB4A,1525908604020,363550.0
ULB4A,1525912200111,363617.0
ULB4A,1525915801666,363600.0
ULB4A,1525919396281,363660.0
ULB4A,1525923001208,363734.0
ULB4A,1525926604583,363744.0
ULB4A,1525930196348,363828.0
ULB4A,1525933804695,363783.0
ULB4A,1525937402558,363880.0
ULB4A,1525940998216,363929.0
ULB4A,1525944602670,363919.0
ULB4A,1525948202868,363956.0
ULB4A,1525951804458,364041.0
ULB4A,1525955400619,364130.0
ULB4A,1525958998439,364221.0
ULB4A,1525962595626,364157.0
ULB4A,1525966201782,364144.0
ULB4A,1525969804906,364135.0
ULB4A,1525973402967,364199.0
ULB4A,1525977001812,364264.0
ULB4A,1525980599595,364183.0
ULB4A,1525984199329,364229.0
ULB4A,1525987798850,364261.0
ULB4A,1525991403039,364177.0
ULB4A,1525994996324,364183.0
ULB4A,1525998601358,364239.0
ULB4A,1526002203740,364177.0
ULB4A,1526005801274,364252.0
ULB4A,1526009395472,364264.0
ULB4A,1526012996386,364264.0
ULB4A,1526016595901,364175.0
ULB4A,1526020195047,364124.0
ULB4A,1526023798623,364214.0
ULB4A,1526027403616,364133.0
ULB4A,1526031002748,364085.0
ULB4A,1526034595753,364102.0
ULB4A,1526038203601,364129.0
ULB4A,1526041804810,364073.0
ULB4A,1526045404390,364125.0
ULB4A,1526049003877,364138.0
ULB4A,1526052603803,364059.0
ULB4A,1526056204713,364000.0
ULB4A,1526059795525,363981.0
ULB4A,1526063398611,364081.0
ULB4A,1526067003635,363985.0
ULB4A,1526070600531,364077.0
ULB4A,1526074201083,364020.0
ULB4A,1526077800571,363999.0
ULB4A,1526081395937,364022.0
ULB4A,1526084998100,363950.0
ULB4A,1526088599702,363906.0
ULB4A,1526092203338,363868.0
ULB4A,1526095801998,363857.0
ULB4A,1526099401384,363836.0
ULB4A,1526103001211,363777.0
ULB4A,1526106602317,363727.0
ULB4A,1526110197863,363724.0
ULB4A,1526113800636,363697.0
ULB4A,1526117397966,363671.0
ULB4A,1526120997106,363667.0
ULB4A,1526124596008,363604.0
ULB4A,1526128196082,363673.0
ULB4A,1526131796389,363653.0
ULB4A,1526135398444,363617.0
ULB4A,1526139004162,363586.0
ULB4A,1526142598363,363638.0
ULB4A,1526146196217,363644.0
ULB4A,1526149796221,363546.0
ULB4A,1526153402071,363629.0
ULB4A,1526157004556,363638.0
ULB4A,1526160597350,363653.0
ULB4A,1526164204075,363565.0
ULB4A,1526167804394,363470.0
ULB4A,1526171395292,363442.0
ULB4A,1526174997800,363375.0
ULB4A,1526178599117,363421.0
ULB4A,1526182202386,363458.0
ULB4A,1526185801682,363488.0
ULB4A,1526189398078,363570.0
ULB4A,1526192999548,363548.0
ULB4A,1526196604213,363467.0
ULB4A,1526200197400,363526.0
ULB4A,1526203798521,363559.0
ULB4A,1526207395493,363613.0
ULB4A,1526211004063,363565.0
ULB4A,1526214596524,363653.0
ULB4A,1526218204219,363603.0
ULB4A,1526221795347,363517.0
ULB4A,1526225395882,363479.0
ULB4A,1526229002012,363516.0
ULB4A,1526232596106,363617.0
ULB4A,1526236199990,363713.0
ULB4A,1526239801397,363720.0
ULB4A,1526243404743,363794.0
ULB4A,1526247002988,363785.0
ULB4A,1526250595185,363796.0
ULB4A,1526254196943,363720.0
ULB4A,1526257795760,363768.0
ULB4A,1526261404297,363833.0
ULB4A,1526264998149,363853.0
ULB4A,1526268599034,363834.0
ULB4A,1526272198092,363845.0
ULB4A,1526275797518,363946.0
ULB4A,1526279399881,363879.0
ULB4A,1526282996602,363902.0
ULB4A,1526286595025,363821.0
ULB4A,1526290200566,363798.0
ULB4A,1526293799187,363849.0
ULB4A,1526297403749,363883.0
ULB4A,1526300997654,363902.0
ULB4A,1526304604689,363942.0
ULB4A,1526308199069,363935.0
ULB4A,1526311797715,363932.0
ULB4A,1526315404551,363875.0
ULB4A,1526319000543,363798.0
ULB4A,1526322600019,363739.0
ULB4A,1526326195597,363767.0
ULB4A,1526329796575,363862.0
ULB4A,1526333404851,363776.0
ULB4A,1526337000609,363724.0
ULB4A,1526340599391,363633.0
ULB4A,1526344200094,363606.0
ULB4A,1526347795249,363640.0
ULB4A,1526351398519,363629.0
ULB4A,1526355004199,363628.0
ULB4A,1526358600883,363611.0
ULB4A,1526362197010,363650.0
ULB4A,1526365804934,363616.0
ULB4A,1526369398053,363578.0
ULB4A,1526372996272,363579.0
ULB4A,1526376595245,363633.0
ULB4A,1526380201314,363732.0
ULB4A,1526383800874,363778.0
ULB4A,1526387395850,363860.0
ULB4A,1526391004317,363888.0
ULB4A,1526394596719,363859.0
ULB4A,1526398203916,363878.0
ULB4A,1526401796344,363814.0
ULB4A,1526405404175,363772.0
ULB4A,1526409000534,363764.0
ULB4A,1526412600670,363683.0
ULB4A,1526416203729,363633.0
ULB4A,1526419801459,363695.0
ULB4A,1526423400351,363792.0
ULB4A,1526426998761,363751.0
ULB4A,1526430598687,363767.0
ULB4A,1526434198360,363710.0
ULB4A,1526437798517,363798.0
ULB4A,1526441403992,363879.0
ULB4A,1526445000496,363964.0
ULB4A,1526448599809,364027.0
ULB4A,1526452195159,363994.0
ULB4A,1526455804757,364035.0
ULB4A,1526459397698,364131.0
ULB4A,1526462999684,364126.0
ULB4A,1526466598483,364118.0
ULB4A,1526470201150,364142.0
ULB4A,1526473800900,364152.0
ULB4A,1526477402951,364165.0
ULB4A,1526481004139,364198.0
ULB4A,1526484602948,364264.0
ULB4A,1526488199226,364206.0
ULB4A,1526491802019,364264.0
ULB4A,1526495396322,364264.0
ULB4A,1526499001080,364194.0
ULB4A,1526502598566,364253.0
ULB4A,1526506196339,364264.0
ULB4A,1526509795821,364239.0
ULB4A,1526513402878,364264.0
ULB4A,1526516999281,364264.0
ULB4A,1526520598244,364264.0
ULB4A,1526524203732,364208.0
ULB4A,1526527804092,364146.0
ULB4A,1526531401457,364134.0
ULB4A,1526534999443,364221.0
ULB4A,1526538599312,364133.0
ULB4A,1526542197689,364091.0
ULB4A,1526545803362,364112.0
ULB4A,1526549402868,364197.0
ULB4A,1526553002124,364205.0
ULB4A,1526556600928,364205.0
ULB4A,1526560197504,364110.0
ULB4A,1526563803015,364105.0
ULB4A,1526567397638,364028.0
ULB4A,1526570995835,364056.0
ULB4A,1526574596008,364118.0
ULB4A,1526578198226,364029.0
ULB4A,1526581796636,364051.0
ULB4A,1526585395770,363966.0
ULB4A,1526589002636,363920.0
ULB4A,1526592601755,363929.0
ULB4A,1526596204065,363837.0
ULB4A,1526599800188,363885.0
ULB4A,1526603398941,363791.0
ULB4A,1526607001741,363815.0
ULB4A,1526610599751,363727.0
ULB4A,1526614202274,363741.0
ULB4A,1526617804097,363655.0
ULB4A,1526621396048,363606.0
ULB4A,1526624999988,363637.0
ULB4A,1526628603265,363715.0
ULB4A,1526632202620,363636.0
ULB4A,1526635798899,363679.0
ULB4A,1526639401087,363592.0
ULB4A,1526643000078,363563.0
ULB4A,1526646603208,363472.0
ULB4A,1526650204467,363451.0
ULB4A,1526653803714,363472.0
ULB4A,1526657395282,363378.0
ULB4A,1526660995423,363291.0
ULB4A,1526664602771,363348.0
ULB4A,1526668204807,363285.0
ULB4A,1526671799861,363203.0
ULB4A,1526675398525,363230.0
ULB4A,1526678998467,363168.0
ULB4A,1526682596908,363083.0
ULB4A,1526686201235,363026.0
ULB4A,1526689796721,363113.0
ULB4A,1526693400443,363191.0
ULB4A,1526696999953,363159.0
ULB4A,1526700603644,363222.0
ULB4A,1526704204554,363188.0
ULB4A,1526707804303,363176.0
ULB4A,1526711402566,363188.0
ULB4A,1526714997437,363152.0
ULB4A,1526718602715,363211.0
ULB4A,1526722198889,363261.0
ULB4A,1526725799248,363351.0
ULB4A,1526729400234,363400.0
ULB4A,1526733002441,363439.0
ULB4A,1526736599045,363410.0
ULB4A,1526740202147,363499.0
ULB4A,1526743800806,363527.0
ULB4A,1526747400553,363461.0
ULB4A,1526750995997,363365.0
ULB4A,1526754597702,363392.0
ULB4A,1526758196902,363378.0
ULB4A,1526761801269,363474.0
ULB4A,1526765396882,363502.0
ULB4A,1526769002147,363494.0
ULB4A,1526772595987,363541.0
ULB4A,1526776203046,363553.0
ULB4A,1526779797701,363539.0
ULB4A,1526783404870,363460.0
ULB4A,1526786999143,363542.0
ULB4A,1526790598440,363577.0
ULB4A,1526794196855,363615.0
ULB4A,1526797796891,363557.0
ULB4A,1526801398157,363592.0
ULB4A,1526805004971,363594.0
ULB4A,1526808598511,363645.0
ULB4A,1526812201218,363549.0
ULB4A,1526815796850,363645.0
ULB4A,1526819397598,363611.0
ULB4A,1526823002850,363705.0
ULB4A,1526826597596,363647.0
ULB4A,1526830197432,363679.0
ULB4A,1526833797011,363744.0
ULB4A,1526837399289,363832.0
ULB4A,1526841004141,363739.0
ULB4A,1526844595039,363794.0
ULB4A,1526848195327,363750.0
ULB4A,1526851796128,363830.0
ULB4A,1526855403881,363775.0
ULB4A,1526859003643,363764.0
ULB4A,1526862597417,363792.0
ULB4A,1526866203139,363828.0
ULB4A,1526869796985,363797.0
ULB4A,1526873404931,363751.0
ULB4A,1526876999752,363719.0
ULB4A,1526880601297,363790.0
ULB4A,1526884201237,363878.0
ULB4A,1526887799342,363839.0
ULB4A,1526891400903,363827.0
ULB4A,1526894997786,363779.0
ULB4A,1526898603721,363748.0
ULB4A,1526902199574,363718.0
ULB4A,1526905802066,363713.0
ULB4A,1526909401186,363624.0
ULB4A,1526913001490,363536.0
ULB4A,1526916596887,363492.0
ULB4A,1526920204120,363459.0
ULB4A,1526923798094,363476.0
ULB4A,1526927400927,363429.0
ULB4A,1526931003774,363443.0
ULB4A,1526934595128,363350.0
ULB4A,1526938195395,363358.0
ULB4A,1526941803506,363366.0
ULB4A,1526945404859,363467.0
ULB4A,1526948995381,363383.0
ULB4A,1526952598780,363395.0
ULB4A,1526956200606,363479.0
ULB4A,1526959803265,363547.0
ULB4A,1526963402116,363469.0
ULB4A,1526967000738,363446.0
ULB4A,1526970596760,363531.0
ULB4A,1526974197010,363499.0
ULB4A,1526977798875,363554.0
ULB4A,1526981401172,363533.0
ULB4A,1526985002728,363610.0
ULB4A,1526988601894,363618.0
ULB4A,1526992196337,363712.0
ULB4A,1526995803566,363800.0
ULB4A,1526999396455,363803.0
ULB4A,1527003001490,363846.0
ULB4A,1527006603666,363767.0
ULB4A,1527010200355,363753.0
ULB4A,1527013800144,363810.0
ULB4A,1527017395571,363885.0
ULB4A,1527021004570,363939.0
ULB4A,1527024596036,363988.0
ULB4A,1527028196785,364087.0
ULB4A,1527031801874,364130.0
ULB4A,1527035403334,364159.0
ULB4A,1527039004600,364152.0
ULB4A,1527042602936,364147.0
ULB4A,1527046198063,364128.0
ULB4A,1527049802136,364228.0
ULB4A,1527053398132,364197.0
ULB4A,1527056997320,364189.0
ULB4A,1527060596040,364169.0
ULB4A,1527064200130,364175.0
ULB4A,1527067796322,364244.0
ULB4A,1527071401267,364209.0
ULB4A,1527075003664,364142.0
ULB4A,1527078597559,364080.0
ULB4A,1527082200956,364033.0
ULB4A,1527085800799,363980.0
ULB4A,1527089402330,363990.0
ULB4A,1527093003070,363998.0
ULB4A,1527096598271,364035.0
ULB4A,1527100201843,364103.0
ULB4A,1527103798237,364148.0
ULB4A,1527107396001,364059.0
ULB4A,1527110996938,364098.0
ULB4A,1527114596553,364162.0
ULB4A,1527118202896,364168.0
ULB4A,1527121796648,364162.0
ULB4A,1527125401326,364072.0
ULB4A,1527128995355,364045.0
ULB4A,1527132597372,363953.0
ULB4A,1527136199280,364044.0
ULB4A,1527139796894,364101.0
ULB4A,1527143404136,364148.0
ULB4A,1527147000879,364185.0
ULB4A,1527150602311,364116.0
ULB4A,1527154204125,364198.0
ULB4A,1527157799133,364236.0
ULB4A,1527161398500,364183.0
ULB4A,1527164997007,364146.0
ULB4A,1527168597860,364176.0
ULB4A,1527172201326,364147.0
ULB4A,1527175795742,364129.0
ULB4A,1527179395704,364171.0
ULB4A,1527182996251,364102.0
ULB4A,1527186600428,364115.0
ULB4A,1527190197532,364072.0
ULB4A,1527193796824,364111.0
ULB4A,1527197402413,364072.0
ULB4A,1527201003966,364148.0
ULB4A,1527204602771,364099.0
ULB4A,1527208199988,364149.0
ULB4A,1527211801622,364088.0
ULB4A,1527215403675,364128.0
ULB4A,1527219004217,364117.0
ULB4A,1527222596470,364053.0
ULB4A,1527226196278,363999.0
ULB4A,1527229803499,364068.0
ULB4A,1527233398038,364120.0
ULB4A,1527237001127,364159.0
ULB4A,1527240604685,364192.0
ULB4A,1527244199099,364224.0
ULB4A,1527247796739,364264.0
ULB4A,1527251396276,364264.0
ULB4A,1527254997582,364228.0
ULB4A,1527258602311,364162.0
ULB4A,1527262201388,364233.0
ULB4A,1527265804330,364211.0
ULB4A,1527269402478,364186.0
ULB4A,1527273004079,364210.0
ULB4A,1527276595199,364149.0
ULB4A,1527280203371,364211.0
ULB4A,1527283798147,364179.0
ULB4A,1527287395764,364170.0
ULB4A,1527291003277,364073.0
ULB4A,1527294597592,364103.0
ULB4A,1527298204152,364131.0
ULB4A,1527301801850,364052.0
ULB4A,1527305404453,364049.0
ULB4A,1527308995079,364063.0
ULB4A,1527312596709,364004.0
ULB4A,1527316201653,364088.0
ULB4A,1527319803357,364112.0
ULB4A,1527323403484,364112.0
ULB4A,1527327004728,364093.0
ULB4A,1527330597390,363993.0
ULB4A,1527334198843,363895.0
ULB4A,1527337804594,363884.0
ULB4A,1527341399681,363923.0
ULB4A,1527344995085,363908.0
ULB4A,1527348595893,363995.0
ULB4A,1527352202225,363931.0
ULB4A,1527355804751,364021.0
ULB4A,1527359395710,364027.0
ULB4A,1527362995447,364083.0
ULB4A,1527366599318,364046.0
ULB4A,1527370195894,364016.0
ULB4A,1527373803358,363993.0
ULB4A,1527377398891,364081.0
ULB4A,1527380995503,364019.0
ULB4A,1527384596058,363933.0
ULB4A,1527388202444,363833.0
ULB4A,1527391803056,363825.0
ULB4A,1527395403822,363777.0
ULB4A,1527399000866,363832.0
ULB4A,1527402596890,363810.0
ULB4A,1527406199253,363885.0
ULB4A,1527409799427,363976.0
ULB4A,1527413402695,363879.0
ULB4A,1527417001211,363880.0
ULB4A,1527420595308,363891.0
ULB4A,1527424196100,363886.0
ULB4A,1527427801556,363884.0
ULB4A,1527431404229,363983.0
ULB4A,1527435002809,363888.0
ULB4A,1527438596119,363961.0
ULB4A,1527442195510,363962.0
ULB4A,1527445802990,364025.0
ULB4A,1527449396082,363966.0
ULB4A,1527453004563,364067.0
ULB4A,1527456601819,363996.0
ULB4A,1527460199392,364091.0
ULB4A,1527463800510,364073.0
ULB4A,1527467403348,364141.0
ULB4A,1527470997476,364182.0
ULB4A,1527474601910,364127.0
ULB4A,1527478198344,364160.0
ULB4A,1527481795318,364180.0
ULB4A,1527485402020,364220.0
ULB4A,1527489003853,364264.0
ULB4A,1527492603355,364189.0
ULB4A,1527496196007,364204.0
ULB4A,1527499796352,364264.0
ULB4A,1527503396422,364192.0
ULB4A,1527506998949,364126.0
ULB4A,1527510604406,364044.0
ULB4A,1527514204991,364102.0
ULB4A,1527517795953,364016.0
ULB4A,1527521398086,364055.0
ULB4A,1527525000872,363988.0
ULB4A,1527528597577,364030.0
ULB4A,1527532203953,364029.0
ULB4A,1527535804431,364082.0
ULB4A,1527539404623,364165.0
ULB4A,1527542997370,364186.0
ULB4A,1527546600220,364226.0
ULB4A,1527550199125,364251.0
ULB4A,1527553803011,364264.0
ULB4A,1527557398142,364264.0
ULB4A,1527561001465,364239.0
ULB4A,1527564596573,364204.0
ULB4A,1527568199755,364244.0
ULB4A,1527571795492,364264.0
ULB4A,1527575403810,364247.0
ULB4A,1527579000608,364264.0
ULB4A,1527582602242,364264.0
ULB4A,1527586203596,364174.0
ULB4A,1527589801986,364189.0
ULB4A,1527593396374,364254.0
ULB4A,1527596998500,364203.0
ULB4A,1527600597770,364158.0
ULB4A,1527604197061,364122.0
ULB4A,1527607800140,364165.0
ULB4A,1527611402096,364212.0
ULB4A,1527615003586,364133.0
ULB4A,1527618604044,364180.0
ULB4A,1527622196079,364201.0
ULB4A,1527625799221,364123.0
ULB4A,1527629398204,364034.0
ULB4A,1527633000967,364092.0
ULB4A,1527636596576,363995.0
ULB4A,1527640198439,363978.0
ULB4A,1527643797887,363908.0
ULB4A,1527647401323,363884.0
ULB4A,1527651000800,363803.0
ULB4A,1527654600425,363823.0
ULB4A,1527658195591,363785.0
ULB4A,1527661802988,363735.0
ULB4A,1527665400547,363645.0
ULB4A,1527669003905,363599.0
ULB4A,1527672598385,363688.0
ULB4A,1527676198577,363607.0
ULB4A,1527679797422,363600.0
ULB4A,1527683395481,363519.0
ULB4A,1527686996796,363499.0
ULB4A,1527690599445,363495.0
ULB4A,1527694200091,363525.0
ULB4A,1527697797258,363582.0
ULB4A,1527701402695,363665.0
ULB4A,1527704995649,363668.0
ULB4A,1527708603217,363746.0
ULB4A,1527712198177,363816.0
ULB4A,1527715803175,363835.0
ULB4A,1527719397893,363928.0
ULB4A,1527723001950,364019.0
ULB4A,1527726598219,363990.0
ULB4A,1527730204799,363898.0
ULB4A,1527733797470,363983.0
ULB4A,1527737404751,363997.0
ULB4A,1527741002266,364027.0
ULB4A,1527744597511,364050.0
ULB4A,1527748197518,364056.0
ULB4A,1527751799059,363980.0
ULB4A,1527755401552,363924.0
ULB4A,1527758999272,363907.0
ULB4A,1527762603689,363942.0
ULB4A,1527766204718,363991.0
ULB4A,1527769796960,363920.0
ULB4A,1527773401692,363879.0
ULB4A,1527776996548,363860.0
ULB4A,1527780604721,363858.0
ULB4A,1527784203442,363930.0
ULB4A,1527787801840,364010.0
ULB4A,1527791399541,364053.0
ULB4A,1527794998436,363970.0
ULB4A,1527798604413,363996.0
ULB4A,1527802204035,364093.0
ULB4A,1527805799256,364012.0
ULB4A,1527809401359,364063.0
ULB4A,1527812995228,364151.0
ULB4A,1527816598181,364190.0
ULB4A,1527820200453,364262.0
ULB4A,1527823798378,364264.0
ULB4A,1527827398251,364264.0
ULB4A,1527831004827,364262.0
ULB4A,1527834598652,364163.0
ULB4A,1527838197105,364110.0
ULB4A,1527841798153,364048.0
ULB4A,1527845395671,364094.0
ULB4A,1527849000428,364123.0
ULB4A,1527852603123,364047.0
ULB4A,1527856195621,364121.0
ULB4A,1527859804434,364159.0
ULB4A,1527863399525,364184.0
ULB4A,1527867001584,364130.0
ULB4A,1527870599651,364165.0
ULB4A,1527874197076,364067.0
ULB4A,1527877802059,364162.0
ULB4A,1527881401769,364222.0
ULB4A,1527884996454,364264.0
ULB4A,1527888600727,364172.0
ULB4A,1527892195955,364191.0
ULB4A,1527895802433,364264.0
ULB4A,1527899395045,364205.0
ULB4A,1527902997450,364213.0
ULB4A,1527906600037,364261.0
ULB4A,1527910195632,364264.0
ULB4A,1527913803047,364181.0
ULB4A,1527917399177,364229.0
ULB4A,1527920997930,364165.0
ULB4A,1527924600348,364119.0
ULB4A,1527928198616,364055.0
ULB4A,1527931795879,364014.0
ULB4A,1527935404174,363965.0
ULB4A,1527938998351,363915.0
ULB4A,1527942600468,363994.0
ULB4A,1527946203366,363920.0
ULB4A,1527949803116,363977.0
ULB4A,1527953403190,363971.0
ULB4A,1527957003401,364041.0
ULB4A,1527960598667,364036.0
ULB4A,1527964198326,363970.0
ULB4A,1527967798877,363959.0
ULB4A,1527971400423,363930.0
ULB4A,1527975002044,363979.0
ULB4A,1527978597404,363991.0
ULB4A,1527982195110,364084.0
ULB4A,1527985799264,364133.0
ULB4A,1527989397683,364037.0
ULB4A,1527992998625,363951.0
ULB4A,1527996599441,363908.0
ULB4A,1528000204826,363858.0
ULB4A,1528003804874,363954.0
ULB4A,1528007403067,363929.0
ULB4A,1528011001298,363930.0
ULB4A,1528014601129,363851.0
ULB4A,1528018202990,363947.0
ULB4A,1528021796370,363878.0
ULB4A,1528025401056,363859.0
ULB4A,1528029002600,363823.0
ULB4A,1528032601295,363768.0
ULB4A,1528036203613,363782.0
ULB4A,1528039797074,363759.0
ULB4A,1528043402511,363694.0
ULB4A,1528047002588,363654.0
ULB4A,1528050595402,363657.0
ULB4A,1528054203298,363687.0
ULB4A,1528057803035,363694.0
ULB4A,1528061400936,363646.0
ULB4A,1528064997748,363592.0
ULB4A,1528068601739,363633.0
ULB4A,1528072195339,363696.0
ULB4A,1528075804793,363649.0
ULB4A,1528079403868,363738.0
ULB4A,1528082995436,363641.0
ULB4A,1528086602270,363734.0
ULB4A,1528090203733,363795.0
ULB4A,1528093804307,363710.0
ULB4A,1528097396100,363613.0
ULB4A,1528101001992,363701.0
ULB4A,1528104596181,363682.0
ULB4A,1528108197404,363659.0
ULB4A,1528111803846,363631.0
ULB4A,1528115402252,363677.0
ULB4A,1528119001748,363734.0
ULB4A,1528122600635,363646.0
ULB4A,1528126198612,363677.0
ULB4A,1528129799760,363698.0
ULB4A,1528133404990,363734.0
ULB4A,1528137002890,363709.0
ULB4A,1528140598117,363646.0
ULB4A,1528144200814,363583.0
ULB4A,1528147798083,363648.0
ULB4A,1528151397841,363600.0
ULB4A,1528155003441,363566.0
ULB4A,1528158602655,363612.0
ULB4A,1528162204739,363602.0
ULB4A,1528165795994,363509.0
ULB4A,1528169395569,363526.0
ULB4A,1528172995696,363488.0
ULB4A,1528176599553,363530.0
ULB4A,1528180198421,363583.0
ULB4A,1528183804658,363486.0
ULB4A,1528187399903,363546.0
ULB4A,1528191004514,363496.0
ULB4A,1528194601695,363519.0
ULB4A,1528198202752,363433.0
ULB4A,1528201804028,363508.0
ULB4A,1528205396669,363608.0
ULB4A,1528209004218,363620.0
ULB4A,1528212602492,363555.0
ULB4A,1528216195161,363481.0
ULB4A,1528219796826,363501.0
ULB4A,1528223400250,363506.0
ULB4A,1528226998168,363565.0
ULB4A,1528230598156,363653.0
ULB4A,1528234199173,363572.0
ULB4A,1528237801652,363603.0
ULB4A,1528241398631,363649.0
ULB4A,1528245000329,363639.0
ULB4A,1528248595097,363576.0
ULB4A,1528252198447,363555.0
ULB4A,1528255803232,363547.0
ULB4A,1528259396571,363603.0
ULB4A,1528263002887,363578.0
ULB4A,1528266604500,363657.0
ULB4A,1528270204666,363646.0
ULB4A,1528273802506,363709.0
ULB4A,1528277403374,363678.0
ULB4A,1528280997951,363703.0
ULB4A,1528284603614,363784.0
ULB4A,1528288202883,363728.0
ULB4A,1528291801330,363648.0
ULB4A,1528295399933,363597.0
ULB4A,1528298995193,363632.0
ULB4A,1528302598853,363585.0
ULB4A,1528306204039,363599.0
ULB4A,1528309803117,363579.0
ULB4A,1528313396169,363520.0
ULB4A,1528316997647,363608.0
ULB4A,1528320598740,363583.0
ULB4A,1528324196369,363597.0
ULB4A,1528327796925,363585.0
ULB4A,1528331396229,363627.0
ULB4A,1528335001587,363601.0
ULB4A,1528338601085,363542.0
ULB4A,1528342203912,363585.0
ULB4A,1528345799818,363545.0
ULB4A,1528349403565,363510.0
ULB4A,1528353001620,363605.0
ULB4A,1528356600892,363593.0
ULB4A,1528360197444,363647.0
ULB4A,1528363804528,363743.0
ULB4A,1528367400223,363696.0
ULB4A,1528371002976,363668.0
ULB4A,1528374600813,363741.0
ULB4A,1528378202634,363672.0
ULB4A,1528381797943,363660.0
ULB4A,1528385399851,363664.0
ULB4A,1528389003902,363725.0
ULB4A,1528392600844,363713.0
ULB4A,1528396198631,363704.0
ULB4A,1528399804088,363656.0
ULB4A,1528403399668,363639.0
ULB4A,1528406996778,363722.0
ULB4A,1528410595373,363687.0
ULB4A,1528414200770,363685.0
ULB4A,1528417800877,363633.0
ULB4A,1528421400759,363598.0
ULB4A,1528425001640,363623.0
ULB4A,1528428600919,363595.0
ULB4A,1528432200553,363548.0
ULB4A,1528435801947,363647.0
ULB4A,1528439396105,363697.0
ULB4A,1528443000071,363700.0
ULB4A,1528446601611,363781.0
ULB4A,1528450202430,363863.0
ULB4A,1528453798323,363842.0
ULB4A,1528457404820,363857.0
ULB4A,1528460999318,363809.0
ULB4A,1528464598284,363868.0
ULB4A,1528468200669,363787.0
ULB4A,1528471803905,363763.0
ULB4A,1528475399378,363862.0
ULB4A,1528478996849,363885.0
ULB4A,1528482598364,363944.0
ULB4A,1528486196613,364025.0
ULB4A,1528489804742,364045.0
ULB4A,1528493398444,363954.0
ULB4A,1528497002011,363899.0
ULB4A,1528500596998,363870.0
ULB4A,1528504196893,363962.0
ULB4A,1528507795853,363908.0
ULB4A,1528511395812,363877.0
ULB4A,1528515003119,363824.0
ULB4A,1528518601331,363816.0
ULB4A,1528522201448,363849.0
ULB4A,1528525797462,363939.0
ULB4A,1528529395788,363936.0
ULB4A,1528533000903,363907.0
ULB4A,1528536595954,363989.0
ULB4A,1528540196815,363996.0
ULB4A,1528543802811,364084.0
ULB4A,1528547396585,363995.0
ULB4A,1528550996704,363927.0
ULB4A,1528554595712,364008.0
ULB4A,1528558203803,364009.0
ULB4A,1528561802906,363994.0
ULB4A,1528565398989,363920.0
ULB4A,1528569003630,363949.0
ULB4A,1528572599006,363931.0
ULB4A,1528576202080,363963.0
ULB4A,1528579799250,363883.0
ULB4A,1528583403053,363789.0
ULB4A,1528586999768,363834.0
ULB4A,1528590595537,363739.0
ULB4A,1528594199661,363676.0
ULB4A,1528597799749,363665.0
ULB4A,1528601398718,363615.0
ULB4A,1528605001621,363614.0
ULB4A,1528608599037,363709.0
ULB4A,1528612197134,363632.0
ULB4A,1528615802698,363651.0
ULB4A,1528619399526,363582.0
ULB4A,1528623002929,363629.0
ULB4A,1528626598373,363582.0
ULB4A,1528630199299,363617.0
ULB4A,1528633803841,363690.0
ULB4A,1528637396062,363678.0
ULB4A,1528641001622,363601.0
ULB4A,1528644604391,363655.0
ULB4A,1528648199508,363585.0
ULB4A,1528651803816,363586.0
ULB4A,1528655400642,363563.0
ULB4A,1528658999011,363512.0
ULB4A,1528662599615,363550.0
ULB4A,1528666202469,363464.0
ULB4A,1528669803336,363429.0
ULB4A,1528673396343,363501.0
ULB4A,1528676999316,363467.0
ULB4A,1528680600783,363433.0
ULB4A,1528684197933,363487.0
ULB4A,1528687801989,363444.0
ULB4A,1528691398345,363415.0
ULB4A,1528694997952,363469.0
ULB4A,1528698604742,363487.0
ULB4A,1528702200623,363443.0
ULB4A,1528705804979,363484.0
ULB4A,1528709395557,363572.0
ULB4A,1528712999978,363588.0
ULB4A,1528716598126,363545.0
ULB4A,1528720195978,363568.0
ULB4A,1528723796813,363581.0
ULB4A,1528727399426,363483.0
ULB4A,1528730996263,363542.0
ULB4A,1528734601257,363624.0
ULB4A,1528738201049,363563.0
ULB4A,1528741798586,363479.0
ULB4A,1528745395829,363438.0
ULB4A,1528748997949,363506.0
ULB4A,1528752596731,363536.0
ULB4A,1528756199023,363636.0
ULB4A,1528759799684,363668.0
ULB4A,1528763403106,363697.0
ULB4A,1528767002329,363773.0
ULB4A,1528770599601,363822.0
ULB4A,1528774196097,363759.0
ULB4A,1528777800907,363663.0
ULB4A,1528781396569,363676.0
ULB4A,1528785004816,363665.0
ULB4A,1528788599149,363681.0
ULB4A,1528792200281,363606.0
ULB4A,1528795802244,363700.0
ULB4A,1528799397536,363738.0
ULB4A,1528802999704,363648.0
ULB4A,1528806595424,363582.0
ULB4A,1528810196996,363495.0
ULB4A,1528813804743,363508.0
ULB4A,1528817402392,363559.0
ULB4A,1528820997462,363540.0
ULB4A,1528824596568,363468.0
ULB4A,1528828201675,363542.0
ULB4A,1528831796834,363517.0
ULB4A,1528835401701,363422.0
ULB4A,1528839002140,363349.0
ULB4A,1528842595958,363361.0
ULB4A,1528846195709,363413.0
ULB4A,1528849795510,363425.0
ULB4A,1528853398579,363338.0
ULB4A,1528857000979,363352.0
ULB4A,1528860595331,363368.0
ULB4A,1528864197846,363335.0
ULB4A,1528867797855,363435.0
ULB4A,1528871404304,363361.0
ULB4A,1528874995617,363282.0
ULB4A,1528878604243,363202.0
ULB4A,1528882202357,363180.0
ULB4A,1528885798412,363091.0
ULB4A,1528889400772,363015.0
ULB4A,1528892997261,362918.0
ULB4A,1528896600300,362857.0
ULB4A,1528900203480,362883.0
ULB4A,1528903797403,362915.0
ULB4A,1528907397015,362843.0
ULB4A,1528910998524,362898.0
ULB4A,1528914598311,362915.0
ULB4A,1528918200665,362880.0
ULB4A,1528921798164,362780.0
ULB4A,1528925400352,362719.0
ULB4A,1528929004512,362708.0
ULB4A,1528932603874,362708.0
ULB4A,1528936201084,362708.0
ULB4A,1528939802357,362708.0
ULB4A,1528943397352,362808.0
ULB4A,1528947000779,362797.0
ULB4A,1528950599415,362806.0
ULB4A,1528954204907,362874.0
ULB4A,1528957802026,362797.0
ULB4A,1528961399244,362716.0
ULB4A,1528964997614,362779.0
ULB4A,1528968599137,362723.0
ULB4A,1528972198337,362753.0
ULB4A,1528975798415,362819.0
ULB4A,1528979395326,362780.0
ULB4A,1528983004170,362827.0
ULB4A,1528986599497,362732.0
ULB4A,1528990202496,362708.0
ULB4A,1528993800902,362708.0
ULB4A,1528997395756,362708.0
ULB4A,1529001003763,362708.0
ULB4A,1529004603388,362708.0
ULB4A,1529008201958,362721.0
ULB4A,1529011803230,362735.0
ULB4A,1529015402864,362708.0
ULB4A,1529019000611,362768.0
ULB4A,1529022604143,362708.0
ULB4A,1529026197751,362708.0
ULB4A,1529029797155,362708.0
ULB4A,1529033400792,362748.0
ULB4A,1529037004919,362708.0
ULB4A,1529040603555,362731.0
ULB4A,1529044203809,362749.0
ULB4A,1529047796893,362843.0
ULB4A,1529051395156,362794.0
ULB4A,1529055003790,362819.0
ULB4A,1529058598593,362837.0
ULB4A,1529062201514,362786.0
ULB4A,1529065800990,362814.0
ULB4A,1529069397928,362730.0
ULB4A,1529072998254,362708.0
ULB4A,1529076601188,362708.0
ULB4A,1529080195535,362708.0
ULB4A,1529083797538,362708.0
ULB4A,1529087404146,362794.0
ULB4A,1529091002072,362804.0
ULB4A,1529094604724,362746.0
ULB4A,1529098200877,362708.0
ULB4A,1529101801690,362789.0
ULB4A,1529105397983,362803.0
ULB4A,1529109004027,362887.0
ULB4A,1529112598991,362842.0
ULB4A,1529116200839,362927.0
ULB4A,1529119795081,362871.0
ULB4A,1529123403908,362877.0
ULB4A,1529127000175,362949.0
ULB4A,1529130601160,362904.0
ULB4A,1529134203972,362870.0
ULB4A,1529137798594,362796.0
ULB4A,1529141397845,362808.0
ULB4A,1529144997186,362871.0
ULB4A,1529148599155,362819.0
ULB4A,1529152198888,362790.0
ULB4A,1529155802941,362823.0
ULB4A,1529159398282,362744.0
ULB4A,1529163001817,362725.0
ULB4A,1529166597774,362768.0
ULB4A,1529170202002,362750.0
ULB4A,1529173796279,362737.0
ULB4A,1529177401501,362822.0
ULB4A,1529181001452,362858.0
ULB4A,1529184604789,362811.0
ULB4A,1529188195090,362907.0
ULB4A,1529191801638,362943.0
ULB4A,1529195399643,362905.0
ULB4A,1529198995589,362996.0
ULB4A,1529202603127,362978.0
ULB4A,1529206202766,362890.0
ULB4A,1529209802552,362955.0
ULB4A,1529213402102,362943.0
ULB4A,1529217000660,362994.0
ULB4A,1529220599024,362996.0
ULB4A,1529224203250,363069.0
ULB4A,1529227796717,363001.0
ULB4A,1529231403462,362979.0
ULB4A,1529235003931,362950.0
ULB4A,1529238604889,362876.0
ULB4A,1529242200975,362903.0
ULB4A,1529245804689,362882.0
ULB4A,1529249404446,362873.0
ULB4A,1529253004814,362898.0
ULB4A,1529256595062,362943.0
ULB4A,1529260198326,362928.0
ULB4A,1529263802875,362875.0
ULB4A,1529267395912,362955.0
ULB4A,1529270997678,362948.0
ULB4A,1529274597147,362856.0
ULB4A,1529278196695,362838.0
ULB4A,1529281803354,362924.0
ULB4A,1529285401090,362877.0
ULB4A,1529288999705,362957.0
ULB4A,1529292603974,363014.0
ULB4A,1529296204367,362989.0
ULB4A,1529299803313,363025.0
ULB4A,1529303403623,363105.0
ULB4A,1529306999744,363188.0
ULB4A,1529310601616,363203.0
ULB4A,1529314204332,363260.0
ULB4A,1529317795505,363270.0
ULB4A,1529321402192,363240.0
ULB4A,1529324995210,363180.0
ULB4A,1529328595559,363164.0
ULB4A,1529332197413,363189.0
ULB4A,1529335799138,363169.0
ULB4A,1529339402587,363132.0
ULB4A,1529343000869,363038.0
ULB4A,1529346601506,363046.0
ULB4A,1529350198514,362950.0
ULB4A,1529353804163,362954.0
ULB4A,1529357399294,363045.0
ULB4A,1529361003353,363013.0
ULB4A,1529364596657,363046.0
ULB4A,1529368196437,363115.0
ULB4A,1529371799931,363085.0
ULB4A,1529375397837,363104.0
ULB4A,1529379003745,363031.0
ULB4A,1529382597637,363041.0
ULB4A,1529386196358,362946.0
ULB4A,1529389799893,362902.0
ULB4A,1529393399189,362964.0
ULB4A,1529396999193,362888.0
ULB4A,1529400601708,362805.0
ULB4A,1529404202278,362830.0
ULB4A,1529407797348,362802.0
ULB4A,1529411395577,362801.0
ULB4A,1529414995228,362838.0
ULB4A,1529418603659,362892.0
ULB4A,1529422198724,362876.0
ULB4A,1529425803328,362815.0
ULB4A,1529429399078,362830.0
ULB4A,1529433000303,362821.0
ULB4A,1529436599361,362752.0
ULB4A,1529440202203,362708.0
ULB4A,1529443800943,362708.0
ULB4A,1529447403647,362708.0
ULB4A,1529451002165,362768.0
ULB4A,1529454596103,362802.0
ULB4A,1529458195129,362795.0
ULB4A,1529461804618,362794.0
ULB4A,1529465395886,362813.0
ULB4A,1529469001188,362828.0
ULB4A,1529472603277,362849.0
ULB4A,1529476202290,362896.0
ULB4A,1529479803485,362884.0
ULB4A,1529483396022,362866.0
ULB4A,1529487000323,362904.0
ULB4A,1529490598265,362893.0
ULB4A,1529494204004,362959.0
ULB4A,1529497802896,362972.0
ULB4A,1529501401669,362995.0
ULB4A,1529505001190,363075.0
ULB4A,1529508601189,363000.0
ULB4A,1529512195769,362983.0
ULB4A,1529515795585,362983.0
ULB4A,1529519402464,362979.0
ULB4A,1529523001367,363021.0
ULB4A,1529526601353,363086.0
ULB4A,1529530195926,363019.0
ULB4A,1529533795424,363107.0
ULB4A,1529537395553,363062.0
ULB4A,1529540996634,363101.0
ULB4A,1529544604292,363055.0
ULB4A,1529548197793,363042.0
ULB4A,1529551796414,363014.0
ULB4A,1529555400265,363115.0
ULB4A,1529559001950,363191.0
ULB4A,1529562595760,363158.0
ULB4A,1529566196921,363150.0
ULB4A,1529569800964,363173.0
ULB4A,1529573403128,363082.0
ULB4A,1529576996046,363166.0
ULB4A,1529580598720,363203.0
ULB4A,1529584201115,363104.0
ULB4A,1529587799819,363152.0
ULB4A,1529591400906,363152.0
ULB4A,1529595002035,363097.0
ULB4A,1529598597601,363038.0
ULB4A,1529602196509,362946.0
ULB4A,1529605795209,362925.0
ULB4A,1529609395731,362839.0
ULB4A,1529612998234,362817.0
ULB4A,1529616598812,362789.0
ULB4A,1529620204016,362708.0
ULB4A,1529623800677,362735.0
ULB4A,1529627401484,362708.0
ULB4A,1529630997298,362710.0
ULB4A,1529634596710,362761.0
ULB4A,1529638198879,362847.0
ULB4A,1529641803007,362818.0
ULB4A,1529645401487,362761.0
ULB4A,1529649004997,362772.0
ULB4A,1529652595095,362708.0
ULB4A,1529656196782,362708.0
ULB4A,1529659799508,362760.0
ULB4A,1529663400023,362807.0
ULB4A,1529667001592,362821.0
ULB4A,1529670603814,362883.0
ULB4A,1529674202851,362905.0
ULB4A,1529677804250,362927.0
ULB4A,1529681399934,362921.0
ULB4A,1529684996692,362970.0
ULB4A,1529688601090,362906.0
ULB4A,1529692201838,362869.0
ULB4A,1529695803351,362935.0
ULB4A,1529699396616,362981.0
ULB4A,1529702997047,363004.0
ULB4A,1529706595539,362997.0
ULB4A,1529710204161,363020.0
ULB4A,1529713800134,363018.0
ULB4A,1529717402411,363044.0
ULB4A,1529720997085,362947.0
ULB4A,1529724598448,362905.0
ULB4A,1529728196513,362925.0
ULB4A,1529731803881,362861.0
ULB4A,1529735397202,362823.0
ULB4A,1529738996407,362837.0
ULB4A,1529742602080,362743.0
ULB4A,1529746204254,362727.0
ULB4A,1529749801400,362744.0
ULB4A,1529753402860,362838.0
ULB4A,1529756999579,362892.0
ULB4A,1529760598375,362802.0
ULB4A,1529764199593,362767.0
ULB4A,1529767797030,362723.0
ULB4A,1529771398621,362708.0
ULB4A,1529775001575,362780.0
ULB4A,1529778604145,362787.0
ULB4A,1529782200528,362884.0
ULB4A,1529785799952,362976.0
ULB4A,1529789400449,362941.0
ULB4A,1529792997788,362854.0
ULB4A,1529796599220,362877.0
ULB4A,1529800202741,362840.0
ULB4A,1529803802328,362760.0
ULB4A,1529807401898,362787.0
ULB4A,1529810997794,362769.0
ULB4A,1529814601564,362742.0
ULB4A,1529818204067,362785.0
ULB4A,1529821803836,362722.0
ULB4A,1529825401561,362779.0
ULB4A,1529829002693,362724.0
ULB4A,1529832600588,362759.0
ULB4A,1529836199318,362708.0
ULB4A,1529839795738,362708.0
ULB4A,1529843401975,362808.0
ULB4A,1529847004926,362877.0
ULB4A,1529850598620,362923.0
ULB4A,1529854204298,362960.0
ULB4A,1529857798967,362890.0
ULB4A,1529861402996,362982.0
ULB4A,1529864997479,363014.0
ULB4A,1529868595422,363051.0
ULB4A,1529872201566,362974.0
ULB4A,1529875800527,362918.0
ULB4A,1529879403887,362910.0
ULB4A,1529883004510,362957.0
ULB4A,1529886604533,362867.0
ULB4A,1529890199566,362872.0
ULB4A,1529893798543,362817.0
ULB4A,1529897397380,362813.0
ULB4A,1529900996281,362739.0
ULB4A,1529904603413,362762.0
ULB4A,1529908200790,362708.0
ULB4A,1529911796140,362708.0
ULB4A,1529915397817,362708.0
ULB4A,1529919001832,362708.0
ULB4A,1529922604658,362708.0
ULB4A,1529926197971,362773.0
ULB4A,1529929800085,362708.0
ULB4A,1529933397022,362809.0
ULB4A,1529936996533,362726.0
ULB4A,1529940598122,362708.0
ULB4A,1529944197039,362758.0
ULB4A,1529947798145,362807.0
ULB4A,1529951399442,362790.0
ULB4A,1529954999265,362794.0
ULB4A,1529958604315,362708.0
ULB4A,1529962199450,362708.0
ULB4A,1529965801854,362773.0
ULB4A,1529969400286,362873.0
ULB4A,1529972997760,362784.0
ULB4A,1529976600070,362826.0
ULB4A,1529980196113,362757.0
ULB4A,1529983801254,362708.0
ULB4A,1529987401782,362774.0
ULB4A,1529991002629,362708.0
ULB4A,1529994595348,362790.0
ULB4A,1529998201152,362797.0
ULB4A,1530001800583,362846.0
ULB4A,1530005397080,362813.0
ULB4A,1530008996914,362894.0
ULB4A,1530012597014,362797.0
ULB4A,1530016196784,362842.0
ULB4A,1530019803360,362759.0
ULB4A,1530023404728,362859.0
ULB4A,1530027000053,362788.0
ULB4A,1530030598335,362855.0
ULB4A,1530034197059,362814.0
ULB4A,1530037802663,362723.0
ULB4A,1530041404841,362802.0
ULB4A,1530045000309,362896.0
ULB4A,1530048595256,362900.0
ULB4A,1530052195550,362952.0
ULB4A,1530055795892,362986.0
ULB4A,1530059399218,363005.0
ULB4A,1530062998008,362972.0
ULB4A,1530066602306,362984.0
ULB4A,1530070202630,362999.0
ULB4A,1530073798269,362988.0
ULB4A,1530077400941,363019.0
ULB4A,1530081002024,362988.0
ULB4A,1530084597603,363047.0
ULB4A,1530088198427,363095.0
ULB4A,1530091795683,363144.0
ULB4A,1530095395143,363235.0
ULB4A,1530099001154,363141.0
ULB4A,1530102600917,363211.0
ULB4A,1530106195387,363146.0
ULB4A,1530109797801,363209.0
ULB4A,1530113399626,363129.0
ULB4A,1530116999108,363088.0
ULB4A,1530120596277,363025.0
ULB4A,1530124204456,362946.0
ULB4A,1530127798901,362884.0
ULB4A,1530131395925,362895.0
ULB4A,1530135000483,362822.0
ULB4A,1530138595762,362770.0
ULB4A,1530142201998,362806.0
ULB4A,1530145804967,362789.0
ULB4A,1530149397050,362879.0
ULB4A,1530153002711,362926.0
ULB4A,1530156604212,362934.0
ULB4A,1530160201594,362977.0
ULB4A,1530163804610,362914.0
ULB4A,1530167402056,362933.0
ULB4A,1530170996551,362895.0
ULB4A,1530174598432,362919.0
ULB4A,1530178203010,362966.0
ULB4A,1530181799703,362990.0
ULB4A,1530185396263,363068.0
ULB4A,1530188996813,363001.0
ULB4A,1530192600903,362967.0
ULB4A,1530196196171,362961.0
ULB4A,1530199796042,363041.0
ULB4A,1530203398360,363017.0
ULB4A,1530207000860,363026.0
ULB4A,1530210601034,362931.0
ULB4A,1530214197300,362981.0
ULB4A,1530217799273,362910.0
ULB4A,1530221401568,362974.0
ULB4A,1530224998590,362928.0
ULB4A,1530228604126,362932.0
ULB4A,1530232204795,363031.0
ULB4A,1530235802821,362982.0
ULB4A,1530239401075,363053.0
ULB4A,1530243001121,362977.0
ULB4A,1530246599193,363064.0
ULB4A,1530250201036,363150.0
ULB4A,1530253798693,363167.0
ULB4A,1530257397529,363100.0
ULB4A,1530261003874,363017.0
ULB4A,1530264602332,363106.0
ULB4A,1530268199620,363087.0
ULB4A,1530271802997,363128.0
ULB4A,1530275397270,363201.0
ULB4A,1530278999050,363274.0
ULB4A,1530282602737,363301.0
ULB4A,1530286198259,363248.0
ULB4A,1530289801400,363224.0
ULB4A,1530293399936,363138.0
ULB4A,1530296999152,363224.0
ULB4A,1530300598646,363270.0
ULB4A,1530304198924,363260.0
ULB4A,1530307804504,363342.0
ULB4A,1530311399957,363278.0
ULB4A,1530315000113,363217.0
ULB4A,1530318597992,363179.0
ULB4A,1530322202927,363105.0
ULB4A,1530325796329,363044.0
ULB4A,1530329404011,362967.0
ULB4A,1530333004148,362950.0
ULB4A,1530336602148,362970.0
ULB4A,1530340197604,362927.0
ULB4A,1530343799018,362837.0
ULB4A,1530347400859,362897.0
ULB4A,1530350999032,362843.0
ULB4A,1530354597506,362918.0
ULB4A,1530358195146,362928.0
ULB4A,1530361803482,363010.0
ULB4A,1530365402093,363037.0
ULB4A,1530369001951,363070.0
ULB4A,1530372595861,363077.0
ULB4A,1530376196014,363035.0
ULB4A,1530379795865,363105.0
ULB4A,1530383399133,363080.0
ULB4A,1530386998138,363081.0
ULB4A,1530390597464,363041.0
ULB4A,1530394199442,363067.0
ULB4A,1530397796987,363094.0
ULB4A,1530401396248,363021.0
ULB4A,1530405003050,363067.0
ULB4A,1530408598128,363111.0
ULB4A,1530412199949,363110.0
ULB4A,1530415798433,363138.0
ULB4A,1530419400952,363093.0
ULB4A,1530423002544,363014.0
ULB4A,1530426595288,363108.0
ULB4A,1530430200138,363086.0
ULB4A,1530433804745,363019.0
ULB4A,1530437395437,363019.0
ULB4A,1530441001540,362926.0
ULB4A,1530444603079,363005.0
ULB4A,1530448201637,362907.0
ULB4A,1530451795127,362845.0
ULB4A,1530455395321,362943.0
ULB4A,1530459003008,362851.0
ULB4A,1530462603430,362784.0
ULB4A,1530466198894,362841.0
ULB4A,1530469798580,362764.0
ULB4A,1530473400720,362708.0
ULB4A,1530476999465,362769.0
ULB4A,1530480595317,362860.0
ULB4A,1530484195138,362916.0
ULB4A,1530487804530,362816.0
ULB4A,1530491403724,362757.0
ULB4A,1530495001121,362753.0
ULB4A,1530498604322,362708.0
ULB4A,1530502196453,362746.0
ULB4A,1530505800832,362732.0
ULB4A,1530509396056,362712.0
ULB4A,1530513002292,362708.0
ULB4A,1530516595143,362708.0
ULB4A,1530520195414,362744.0
ULB4A,1530523799012,362806.0
ULB4A,1530527396477,362838.0
ULB4A,1530530996554,362922.0
ULB4A,1530534595266,362822.0
ULB4A,1530538197168,362829.0
ULB4A,1530541798018,362871.0
ULB4A,1530545398579,362971.0
ULB4A,1530548995068,362933.0
ULB4A,1530552604535,362880.0
ULB4A,1530556204427,362793.0
ULB4A,1530559799064,362733.0
ULB4A,1530563396652,362708.0
ULB4A,1530566997961,362796.0
ULB4A,1530570600959,362714.0
ULB4A,1530574202447,362801.0
ULB4A,1530577801307,362897.0
ULB4A,1530581397495,362846.0
ULB4A,1530584999291,362852.0
ULB4A,1530588604356,362817.0
ULB4A,1530592202039,362914.0
ULB4A,1530595797188,362983.0
ULB4A,1530599399485,363071.0
ULB4A,1530602995777,363014.0
ULB4A,1530606601037,362975.0
ULB4A,1530610201204,363014.0
ULB4A,1530613801267,362938.0
ULB4A,1530617402676,362888.0
ULB4A,1530620995566,362879.0
ULB4A,1530624596462,362916.0
ULB4A,1530628198654,362947.0
ULB4A,1530631803134,362957.0
ULB4A,1530635402844,362965.0
ULB4A,1530638995579,362890.0
ULB4A,1530642602435,362980.0
ULB4A,1530646203808,362944.0
ULB4A,1530649800747,362893.0
ULB4A,1530653398358,362894.0
ULB4A,1530656998213,362965.0
ULB4A,1530660602958,362990.0
ULB4A,1530664201970,362994.0
ULB4A,1530667803404,362985.0
ULB4A,1530671404654,362927.0
ULB4A,1530675001854,362908.0
ULB4A,1530678603849,362916.0
ULB4A,1530682196443,362973.0
ULB4A,1530685795045,363010.0
ULB4A,1530689399079,363033.0
ULB4A,1530692996635,363091.0
ULB4A,1530696601508,363117.0
ULB4A,1530700200823,363019.0
ULB4A,1530703801444,363063.0
ULB4A,1530707395331,363134.0
ULB4A,1530711000138,363139.0
ULB4A,1530714597216,363064.0
ULB4A,1530718203968,363090.0
ULB4A,1530721797488,363020.0
ULB4A,1530725401458,362997.0
ULB4A,1530728999168,362981.0
ULB4A,1530732598425,362960.0
ULB4A,1530736195778,362863.0
ULB4A,1530739798915,362897.0
ULB4A,1530743401208,362853.0
ULB4A,1530746996127,362802.0
ULB4A,1530750600028,362753.0
ULB4A,1530754196437,362708.0
ULB4A,1530757803260,362708.0
ULB4A,1530761398435,362708.0
ULB4A,1530765004194,362708.0
ULB4A,1530768600532,362708.0
ULB4A,1530772199680,362771.0
ULB4A,1530775797658,362769.0
ULB4A,1530779396170,362854.0
ULB4A,1530782995051,362941.0
ULB4A,1530786596653,362937.0
ULB4A,1530790197433,362856.0
ULB4A,1530793800413,362896.0
ULB4A,1530797395307,362894.0
ULB4A,1530800999387,362814.0
ULB4A,1530804601528,362713.0
ULB4A,1530808202020,362708.0
ULB4A,1530811797747,362768.0
ULB4A,1530815402086,362814.0
ULB4A,1530819002930,362842.0
ULB4A,1530822599565,362775.0
ULB4A,1530826201767,362821.0
ULB4A,1530829799243,362894.0
ULB4A,1530833402864,362825.0
ULB4A,1530837000261,362819.0
ULB4A,1530840604059,362881.0
ULB4A,1530844201369,362868.0
ULB4A,1530847802883,362906.0
ULB4A,1530851397852,362807.0
ULB4A,1530854998423,362812.0
ULB4A,1530858602002,362723.0
ULB4A,1530862201032,362708.0
ULB4A,1530865796326,362708.0
ULB4A,1530869401714,362732.0
ULB4A,1530873003945,362708.0
ULB4A,1530876601891,362708.0
ULB4A,1530880197111,362708.0
ULB4A,1530883801801,362708.0
ULB4A,1530887403939,362737.0
ULB4A,1530890996775,362708.0
ULB4A,1530894597220,362708.0
ULB4A,1530898200342,362708.0
ULB4A,1530901796104,362792.0
ULB4A,1530905399562,362774.0
ULB4A,1530908996918,362737.0
ULB4A,1530912597995,362708.0
ULB4A,1530916204177,362708.0
ULB4A,1530919795811,362780.0
ULB4A,1530923403975,362736.0
ULB4A,1530927000886,362829.0
ULB4A,1530930602985,362843.0
ULB4A,1530934199244,362800.0
ULB4A,1530937801541,362805.0
ULB4A,1530941400508,362740.0
ULB4A,1530944998238,362831.0
ULB4A,1530948598514,362742.0
ULB4A,1530952196172,362724.0
ULB4A,1530955797040,362708.0
ULB4A,1530959397295,362712.0
ULB4A,1530962999122,362708.0
ULB4A,1530966601357,362735.0
ULB4A,1530970202906,362831.0
ULB4A,1530973797148,362867.0
ULB4A,1530977395387,362771.0
ULB4A,1530980996427,362715.0
ULB4A,1530984595283,362740.0
ULB4A,1530988197883,362712.0
ULB4A,1530991797297,362744.0
ULB4A,1530995402586,362708.0
ULB4A,1530998998740,362708.0
ULB4A,1531002598751,362797.0
ULB4A,1531006200581,362828.0
ULB4A,1531009799312,362878.0
ULB4A,1531013396252,362926.0
ULB4A,1531016995568,362982.0
ULB4A,1531020598719,362995.0
ULB4A,1531024199238,362945.0
ULB4A,1531027799081,362905.0
ULB4A,1531031400727,362810.0
ULB4A,1531035000406,362881.0
ULB4A,1531038604437,362811.0
ULB4A,1531042204780,362785.0
ULB4A,1531045797777,362873.0
ULB4A,1531049396100,362845.0
ULB4A,1531052997787,362770.0
ULB4A,1531056599495,362743.0
ULB4A,1531060202617,362757.0
ULB4A,1531063798341,362708.0
ULB4A,1531067395637,362708.0
ULB4A,1531070997872,362790.0
ULB4A,1531074604480,362731.0
ULB4A,1531078195670,362739.0
ULB4A,1531081800052,362794.0
ULB4A,1531085397436,362708.0
ULB4A,1531088998535,362708.0
ULB4A,1531092600583,362708.0
ULB4A,1531096204746,362708.0
ULB4A,1531099795190,362803.0
ULB4A,1531103395552,362756.0
ULB4A,1531107001627,362765.0
ULB4A,1531110601195,362718.0
ULB4A,1531114199240,362766.0
ULB4A,1531117799442,362708.0
ULB4A,1531121400069,362708.0
ULB4A,1531124995038,362798.0
ULB4A,1531128600318,362866.0
ULB4A,1531132202787,362966.0
ULB4A,1531135797370,362999.0
ULB4A,1531139395819,362909.0
ULB4A,1531142999511,362821.0
ULB4A,1531146603102,362726.0
ULB4A,1531150196835,362810.0
ULB4A,1531153802509,362840.0
ULB4A,1531157401061,362799.0
ULB4A,1531161000156,362843.0
ULB4A,1531164598361,362930.0
ULB4A,1531168198751,362999.0
ULB4A,1531171798522,363001.0
ULB4A,1531175396029,363002.0
ULB4A,1531179002217,363052.0
ULB4A,1531182600128,363072.0
ULB4A,1531186195258,363126.0
ULB4A,1531189796798,363177.0
ULB4A,1531193396415,363088.0
ULB4A,1531197002736,363099.0
ULB4A,1531200597630,363060.0
ULB4A,1531204197393,363144.0
ULB4A,1531207800605,363241.0
ULB4A,1531211395202,363275.0
ULB4A,1531215003117,363174.0
ULB4A,1531218601546,363125.0
ULB4A,1531222195043,363174.0
ULB4A,1531225799706,363257.0
ULB4A,1531229397330,363239.0
ULB4A,1531232997373,363190.0
ULB4A,1531236600773,363187.0
ULB4A,1531240202078,363181.0
ULB4A,1531243804234,363236.0
ULB4A,1531247398963,363309.0
ULB4A,1531250996266,363355.0
ULB4A,1531254598583,363382.0
ULB4A,1531258198148,363299.0
ULB4A,1531261800788,363311.0
ULB4A,1531265397369,363370.0
ULB4A,1531269003215,363284.0
ULB4A,1531272602289,363232.0
ULB4A,1531276202092,363247.0
ULB4A,1531279798603,363252.0
ULB4A,1531283396481,363237.0
ULB4A,1531287003379,363307.0
ULB4A,1531290602216,363350.0
ULB4A,1531294196078,363297.0
ULB4A,1531297799725,363322.0
ULB4A,1531301402784,363223.0
ULB4A,1531305001016,363315.0
ULB4A,1531308596830,363362.0
ULB4A,1531312202435,363298.0
ULB4A,1531315799358,363372.0
ULB4A,1531319404188,363364.0
ULB4A,1531322995323,363371.0
ULB4A,1531326600965,363370.0
ULB4A,1531330204870,363471.0
ULB4A,1531333796024,363477.0
ULB4A,1531337403959,363431.0
ULB4A,1531341004216,363338.0
ULB4A,1531344604211,363287.0
ULB4A,1531348199441,363366.0
ULB4A,1531351804551,363320.0
ULB4A,1531355395265,363378.0
ULB4A,1531358999313,363419.0
ULB4A,1531362597119,363511.0
ULB4A,1531366199647,363611.0
ULB4A,1531369796617,363561.0
ULB4A,1531373399648,363589.0
ULB4A,1531376998635,363661.0
ULB4A,1531380602967,363736.0
ULB4A,1531384203770,363660.0
ULB4A,1531387796016,363643.0
ULB4A,1531391397088,363628.0
ULB4A,1531395000106,363631.0
ULB4A,1531398602402,363546.0
ULB4A,1531402198692,363463.0
ULB4A,1531405802684,363385.0
ULB4A,1531409401172,363287.0
ULB4A,1531413000637,363221.0
ULB4A,1531416596049,363220.0
ULB4A,1531420198734,363167.0
ULB4A,1531423796513,363110.0
ULB4A,1531427399068,363014.0
ULB4A,1531430997614,362962.0
ULB4A,1531434604006,362888.0
ULB4A,1531438198226,362899.0
ULB4A,1531441802530,362866.0
ULB4A,1531445401667,362919.0
ULB4A,1531448998026,362951.0
ULB4A,1531452603145,363001.0
ULB4A,1531456204323,362942.0
ULB4A,1531459800315,362862.0
ULB4A,1531463397549,362921.0
ULB4A,1531466998873,362912.0
ULB4A,1531470598613,362913.0
ULB4A,1531474197316,362936.0
ULB4A,1531477803143,362909.0
ULB4A,1531481398777,362902.0
ULB4A,1531484995249,362948.0
ULB4A,1531488596075,362870.0
ULB4A,1531492202162,362876.0
ULB4A,1531495798223,362829.0
ULB4A,1531499398753,362897.0
ULB4A,1531502998819,362882.0
ULB4A,1531506603544,362822.0
ULB4A,1531510202647,362865.0
ULB4A,1531513795056,362804.0
ULB4A,1531517396380,362743.0
ULB4A,1531521004328,362764.0
ULB4A,1531524601387,362708.0
ULB4A,1531528203630,362792.0
ULB4A,1531531802733,362757.0
ULB4A,1531535395584,362849.0
ULB4A,1531538997242,362911.0
ULB4A,1531542596811,363001.0
ULB4A,1531546198045,363101.0
ULB4A,1531549804625,363101.0
ULB4A,1531553401539,363049.0
ULB4A,1531557003753,363120.0
ULB4A,1531560596915,363113.0
ULB4A,1531564204288,363101.0
ULB4A,1531567803320,363024.0
ULB4A,1531571401741,363007.0
ULB4A,1531575001803,363015.0
ULB4A,1531578596161,363056.0
ULB4A,1531582196781,363124.0
ULB4A,1531585796508,363035.0
ULB4A,1531589404082,362983.0
ULB4A,1531592996795,362904.0
ULB4A,1531596602744,362942.0
ULB4A,1531600198863,363015.0
ULB4A,1531603802950,362918.0
ULB4A,1531607399321,362883.0
ULB4A,1531611000176,362809.0
ULB4A,1531614602657,362879.0
ULB4A,1531618198536,362832.0
ULB4A,1531621799844,362905.0
ULB4A,1531625400016,362845.0
ULB4A,1531628996061,362826.0
ULB4A,1531632604907,362799.0
ULB4A,1531636197980,362771.0
ULB4A,1531639795139,362756.0
ULB4A,1531643396082,362708.0
ULB4A,1531646996149,362790.0
ULB4A,1531650603230,362882.0
ULB4A,1531654201927,362847.0
ULB4A,1531657799537,362925.0
ULB4A,1531661399403,362995.0
ULB4A,1531664999132,362988.0
ULB4A,1531668604956,363010.0
ULB4A,1531672198107,362965.0
ULB4A,1531675797558,363011.0
ULB4A,1531679397082,362922.0
ULB4A,1531682996020,362954.0
ULB4A,1531686598997,362898.0
ULB4A,1531690200802,362988.0
ULB4A,1531693802781,363012.0
ULB4A,1531697397058,363092.0
ULB4A,1531701001205,363121.0
ULB4A,1531704595834,363064.0
ULB4A,1531708195515,363128.0
ULB4A,1531711803692,363193.0
ULB4A,1531715397204,363131.0
ULB4A,1531718999039,363055.0
ULB4A,1531722604928,362969.0
ULB4A,1531726200619,362919.0
ULB4A,1531729802427,362996.0
ULB4A,1531733402017,363002.0
ULB4A,1531737002245,363030.0
ULB4A,1531740604935,363027.0
ULB4A,1531744198728,363091.0
ULB4A,1531747799442,363045.0
ULB4A,1531751400568,363019.0
ULB4A,1531755004525,363018.0
ULB4A,1531758599528,362976.0
ULB4A,1531762204295,362913.0
ULB4A,1531765800392,362895.0
ULB4A,1531769402602,362860.0
ULB4A,1531772995404,362901.0
ULB4A,1531776595144,362998.0
ULB4A,1531780200407,362965.0
ULB4A,1531783797055,362897.0
ULB4A,1531787395718,362798.0
ULB4A,1531791002684,362893.0
ULB4A,1531794602024,362878.0
ULB4A,1531798204781,362813.0
ULB4A,1531801796219,362747.0
ULB4A,1531805395615,362831.0
ULB4A,1531808996385,362823.0
ULB4A,1531812601544,362844.0
ULB4A,1531816195840,362818.0
ULB4A,1531819800990,362810.0
ULB4A,1531823404552,362853.0
ULB4A,1531827002150,362935.0
ULB4A,1531830600014,363021.0
ULB4A,1531834200584,363103.0
ULB4A,1531837803303,363188.0
ULB4A,1531841403902,363259.0
ULB4A,1531844999008,363256.0
ULB4A,1531848596348,363330.0
ULB4A,1531852203673,363339.0
ULB4A,1531855795691,363401.0
ULB4A,1531859398545,363411.0
ULB4A,1531863004815,363427.0
ULB4A,1531866602780,363369.0
ULB4A,1531870203624,363314.0
ULB4A,1531873796240,363267.0
ULB4A,1531877397125,363210.0
ULB4A,1531881001134,363285.0
ULB4A,1531884595794,363282.0
ULB4A,1531888200477,363231.0
ULB4A,1531891796756,363250.0
ULB4A,1531895399218,363192.0
ULB4A,1531898998555,363265.0
ULB4A,1531902597676,363264.0
ULB4A,1531906204805,363165.0
ULB4A,1531909797867,363234.0
ULB4A,1531913400883,363236.0
ULB4A,1531916995311,363220.0
ULB4A,1531920596308,363292.0
ULB4A,1531924201485,363389.0
ULB4A,1531927797007,363369.0
ULB4A,1531931399165,363414.0
ULB4A,1531934998285,363483.0
ULB4A,1531938604352,363537.0
ULB4A,1531942204212,363522.0
ULB4A,1531945795167,363447.0
ULB4A,1531949395615,363393.0
ULB4A,1531953002766,363451.0
ULB4A,1531956599306,363486.0
ULB4A,1531960200878,363390.0
ULB4A,1531963803019,363432.0
ULB4A,1531967404258,363359.0
ULB4A,1531970998284,363416.0
ULB4A,1531974595512,363421.0
ULB4A,1531978204803,363455.0
ULB4A,1531981803048,363376.0
ULB4A,1531985395827,363306.0
ULB4A,1531989004954,363403.0
ULB4A,1531992602829,363489.0
ULB4A,1531996195953,363509.0
ULB4A,1531999797744,363464.0
ULB4A,1532003396085,363503.0
ULB4A,1532007003535,363547.0
ULB4A,1532010598638,363556.0
ULB4A,1532014200144,363521.0
ULB4A,1532017796779,363486.0
ULB4A,1532021402178,363563.0
ULB4A,1532024997889,363638.0
ULB4A,1532028595543,363588.0
ULB4A,1532032204913,363615.0
ULB4A,1532035800384,363692.0
ULB4A,1532039397569,363779.0
ULB4A,1532042997112,363772.0
ULB4A,1532046601324,363711.0
ULB4A,1532050199464,363628.0
ULB4A,1532053802517,363559.0
ULB4A,1532057404920,363476.0
ULB4A,1532061001477,363422.0
ULB4A,1532064598246,363383.0
ULB4A,1532068197269,363307.0
ULB4A,1532071803376,363271.0
ULB4A,1532075402839,363355.0
ULB4A,1532079004621,363299.0
ULB4A,1532082595598,363302.0
ULB4A,1532086197593,363249.0
ULB4A,1532089798205,363239.0
ULB4A,1532093395023,363270.0
ULB4A,1532096996092,363208.0
ULB4A,1532100598432,363256.0
ULB4A,1532104196566,363289.0
ULB4A,1532107796929,363212.0
ULB4A,1532111398240,363134.0
ULB4A,1532114995250,363217.0
ULB4A,1532118596019,363143.0
ULB4A,1532122197737,363095.0
ULB4A,1532125797609,362996.0
ULB4A,1532129396622,362950.0
ULB4A,1532133003669,362973.0
ULB4A,1532136597313,363062.0
ULB4A,1532140203276,363052.0
ULB4A,1532143802887,363101.0
ULB4A,1532147395457,363030.0
ULB4A,1532150998436,363115.0
ULB4A,1532154595806,363110.0
ULB4A,1532158204225,363057.0
ULB4A,1532161800413,363011.0
ULB4A,1532165400173,363098.0
ULB4A,1532168997606,363191.0
ULB4A,1532172598209,363268.0
ULB4A,1532176196898,363309.0
ULB4A,1532179796572,363378.0
ULB4A,1532183397309,363452.0
ULB4A,1532187003167,363514.0
ULB4A,1532190599482,363437.0
ULB4A,1532194198946,363445.0
ULB4A,1532197804063,363458.0
ULB4A,1532201398645,363422.0
ULB4A,1532205003344,363344.0
ULB4A,1532208601330,363369.0
ULB4A,1532212198729,363280.0
ULB4A,1532215804622,363194.0
ULB4A,1532219398037,363259.0
ULB4A,1532222997680,363321.0
ULB4A,1532226597195,363226.0
ULB4A,1532230197305,363222.0
ULB4A,1532233800311,363202.0
ULB4A,1532237398883,363170.0
ULB4A,1532241001781,363189.0
ULB4A,1532244596550,363133.0
ULB4A,1532248201161,363154.0
ULB4A,1532251800180,363095.0
ULB4A,1532255395515,363054.0
ULB4A,1532259002085,363012.0
ULB4A,1532262604191,362979.0
ULB4A,1532266204350,362896.0
ULB4A,1532269802194,362961.0
ULB4A,1532273395916,362895.0
ULB4A,1532276998193,362905.0
ULB4A,1532280603533,362907.0
ULB4A,1532284198322,362826.0
ULB4A,1532287800351,362798.0
ULB4A,1532291399381,362708.0
ULB4A,1532295004193,362708.0
ULB4A,1532298604325,362736.0
ULB4A,1532302204999,362715.0
ULB4A,1532305798631,362791.0
ULB4A,1532309402106,362734.0
ULB4A,1532313002292,362730.0
ULB4A,1532316600541,362805.0
ULB4A,1532320197218,362888.0
ULB4A,1532323797244,362812.0
ULB4A,1532327397534,362820.0
ULB4A,1532331000701,362869.0
ULB4A,1532334595317,362872.0
ULB4A,1532338196042,362907.0
ULB4A,1532341797873,362829.0
ULB4A,1532345397638,362804.0
ULB4A,1532349003313,362733.0
ULB4A,1532352595324,362800.0
ULB4A,1532356203360,362893.0
ULB4A,1532359801862,362883.0
ULB4A,1532363400439,362890.0
ULB4A,1532366997722,362981.0
ULB4A,1532370602414,362986.0
ULB4A,1532374204032,363018.0
ULB4A,1532377797468,362973.0
ULB4A,1532381404543,362934.0
ULB4A,1532385000559,362871.0
ULB4A,1532388597767,362923.0
ULB4A,1532392196710,362861.0
ULB4A,1532395800153,362766.0
ULB4A,1532399404555,362769.0
ULB4A,1532402998898,362708.0
ULB4A,1532406603374,362772.0
ULB4A,1532410202774,362780.0
ULB4A,1532413797900,362735.0
ULB4A,1532417402232,362771.0
ULB4A,1532421002046,362811.0
ULB4A,1532424600806,362901.0
ULB4A,1532428195261,362902.0
ULB4A,1532431796722,362802.0
ULB4A,1532435402481,362818.0
ULB4A,1532439001469,362905.0
ULB4A,1532442599178,362954.0
ULB4A,1532446203549,363044.0
ULB4A,1532449800024,363131.0
ULB4A,1532453399263,363215.0
ULB4A,1532457000516,363237.0
ULB4A,1532460597351,363336.0
ULB4A,1532464195649,363276.0
ULB4A,1532467795779,363209.0
ULB4A,1532471398364,363112.0
ULB4A,1532474997455,363050.0
ULB4A,1532478596271,363100.0
ULB4A,1532482198755,363107.0
ULB4A,1532485803269,363111.0
ULB4A,1532489401656,363168.0
ULB4A,1532492996647,363200.0
ULB4A,1532496600936,363138.0
ULB4A,1532500201172,363220.0
ULB4A,1532503795220,363275.0
ULB4A,1532507402190,363298.0
ULB4A,1532511002576,363330.0
ULB4A,1532514601217,363356.0
ULB4A,1532518202538,363443.0
ULB4A,1532521797917,363444.0
ULB4A,1532525399849,363514.0
ULB4A,1532529002932,363513.0
ULB4A,1532532601250,363591.0
ULB4A,1532536196095,363614.0
ULB4A,1532539803636,363621.0
ULB4A,1532543401722,363713.0
ULB4A,1532546996261,363812.0
ULB4A,1532550601407,363764.0
ULB4A,1532554197141,363668.0
ULB4A,1532557802623,363636.0
ULB4A,1532561397919,363720.0
ULB4A,1532564996893,363656.0
ULB4A,1532568599967,363600.0
ULB4A,1532572196068,363658.0
ULB4A,1532575795646,363676.0
ULB4A,1532579401415,363601.0
ULB4A,1532582999082,363584.0
ULB4A,1532586604648,363645.0
ULB4A,1532590201810,363560.0
ULB4A,1532593804081,363474.0
ULB4A,1532597397199,363475.0
ULB4A,1532601000352,363390.0
ULB4A,1532604597485,363446.0
ULB4A,1532608200447,363523.0
ULB4A,1532611795656,363454.0
ULB4A,1532615403809,363528.0
ULB4A,1532619002802,363588.0
ULB4A,1532622598888,363564.0
ULB4A,1532626199825,363603.0
ULB4A,1532629798274,363508.0
ULB4A,1532633401863,363431.0
ULB4A,1532636996723,363490.0
ULB4A,1532640595915,363392.0
ULB4A,1532644201356,363476.0
ULB4A,1532647795653,363472.0
ULB4A,1532651404282,363501.0
ULB4A,1532655004230,363419.0
ULB4A,1532658600331,363411.0
ULB4A,1532662201348,363377.0
ULB4A,1532665803563,363427.0
ULB4A,1532669399284,363498.0
ULB4A,1532673001276,363421.0
ULB4A,1532676602881,363429.0
ULB4A,1532680195923,363398.0
ULB4A,1532683797915,363313.0
ULB4A,1532687398143,363371.0
ULB4A,1532690999690,363374.0
ULB4A,1532694603715,363284.0
ULB4A,1532698197536,363300.0
ULB4A,1532701800036,363311.0
ULB4A,1532705400158,363382.0
ULB4A,1532709001582,363366.0
ULB4A,1532712598798,363452.0
ULB4A,1532716201311,363509.0
ULB4A,1532719802127,363438.0
ULB4A,1532723398086,363439.0
ULB4A,1532726997598,363500.0
ULB4A,1532730596310,363436.0
ULB4A,1532734197793,363536.0
ULB4A,1532737795748,363520.0
ULB4A,1532741395566,363609.0
ULB4A,1532745003711,363592.0
ULB4A,1532748596458,363594.0
ULB4A,1532752204574,363643.0
ULB4A,1532755799597,363709.0
ULB4A,1532759402084,363656.0
ULB4A,1532763004065,363750.0
ULB4A,1532766595280,363760.0
ULB4A,1532770198971,363769.0
ULB4A,1532773795617,363761.0
ULB4A,1532777404065,363693.0
ULB4A,1532781004533,363595.0
ULB4A,1532784600474,363656.0
ULB4A,1532788200658,363702.0
ULB4A,1532791795541,363649.0
ULB4A,1532795398012,363707.0
ULB4A,1532798999025,363665.0
ULB4A,1532802602262,363698.0
ULB4A,1532806197163,363717.0
ULB4A,1532809801926,363775.0
ULB4A,1532813395781,363704.0
ULB4A,1532816999472,363617.0
ULB4A,1532820598691,363577.0
ULB4A,1532824199428,363607.0
ULB4A,1532827801584,363704.0
ULB4A,1532831396131,363731.0
ULB4A,1532835004606,363688.0
ULB4A,1532838599803,363761.0
ULB4A,1532842196252,363764.0
ULB4A,1532845803107,363677.0
ULB4A,1532849403985,363595.0
ULB4A,1532852998434,363576.0
ULB4A,1532856598934,363554.0
ULB4A,1532860202681,363612.0
ULB4A,1532863795729,363645.0
ULB4A,1532867399104,363741.0
ULB4A,1532870997374,363831.0
ULB4A,1532874602669,363882.0
ULB4A,1532878200615,363978.0
ULB4A,1532881804447,364044.0
ULB4A,1532885401026,364004.0
ULB4A,1532889001338,364102.0
ULB4A,1532892604747,364164.0
ULB4A,1532896200013,364261.0
ULB4A,1532899797416,364264.0
ULB4A,1532903396031,364264.0
ULB4A,1532907000250,364188.0
ULB4A,1532910600679,364226.0
ULB4A,1532914195443,364264.0
ULB4A,1532917795994,364264.0
ULB4A,1532921401601,364264.0
ULB4A,1532924998111,364186.0
ULB4A,1532928601386,364264.0
ULB4A,1532932197677,364226.0
ULB4A,1532935798737,364221.0
ULB4A,1532939395621,364260.0
ULB4A,1532943004422,364264.0
ULB4A,1532946601354,364264.0
ULB4A,1532950201723,364199.0
ULB4A,1532953802766,364264.0
ULB4A,1532957403729,364236.0
ULB4A,1532960998313,364145.0
ULB4A,1532964597171,364180.0
ULB4A,1532968203218,364177.0
ULB4A,1532971798170,364099.0
ULB4A,1532975404046,364176.0
ULB4A,1532979003230,364220.0
ULB4A,1532982596311,364139.0
ULB4A,1532986204221,364206.0
ULB4A,1532989795653,364115.0
ULB4A,1532993402805,364133.0
ULB4A,1532997004633,364220.0
ULB4A,1533000596237,364168.0
ULB4A,1533004196520,364195.0
ULB4A,1533007797874,364230.0
ULB4A,1533011397171,364235.0
ULB4A,1533015002892,364179.0
ULB4A,1533018600004,364264.0
ULB4A,1533022204960,364238.0
ULB4A,1533025798357,364264.0
ULB4A,1533029403551,364264.0
ULB4A,1533032999066,364174.0
ULB4A,1533036597708,364115.0
ULB4A,1533040196109,364094.0
ULB4A,1533043796477,364011.0
ULB4A,1533047398121,363958.0
ULB4A,1533051004552,363883.0
ULB4A,1533054601632,363965.0
ULB4A,1533058196590,363984.0
ULB4A,1533061795222,363963.0
ULB4A,1533065402916,363947.0
ULB4A,1533068995184,363974.0
ULB4A,1533072603117,363914.0
ULB4A,1533076203366,363877.0
ULB4A,1533079803429,363911.0
ULB4A,1533083395428,363842.0
ULB4A,1533087004216,363824.0
ULB4A,1533090595952,363900.0
ULB4A,1533094204720,363884.0
ULB4A,1533097799701,363871.0
ULB4A,1533101399756,363959.0
ULB4A,1533105004765,364060.0
ULB4A,1533108601117,364142.0
ULB4A,1533112195869,364199.0
ULB4A,1533115798972,364264.0
ULB4A,1533119399690,364264.0
ULB4A,1533123002262,364230.0
ULB4A,1533126595160,364264.0
ULB4A,1533130201464,364213.0
ULB4A,1533133796578,364264.0
ULB4A,1533137399559,364264.0
ULB4A,1533140997108,364264.0
ULB4A,1533144599511,364264.0
ULB4A,1533148202629,364246.0
ULB4A,1533151795693,364163.0
ULB4A,1533155397890,364145.0
ULB4A,1533158995568,364138.0
ULB4A,1533162604806,364224.0
ULB4A,1533166195672,364208.0
ULB4A,1533169796740,364249.0
ULB4A,1533173397210,364264.0
ULB4A,1533177003718,364264.0
ULB4A,1533180599691,364246.0
ULB4A,1533184198623,364264.0
ULB4A,1533187795041,364176.0
ULB4A,1533191395596,364165.0
ULB4A,1533194997385,364092.0
ULB4A,1533198595161,364090.0
ULB4A,1533202195233,364033.0
ULB4A,1533205799598,364000.0
ULB4A,1533209403495,363993.0
ULB4A,1533212997497,364090.0
ULB4A,1533216602458,364014.0
ULB4A,1533220198502,364106.0
ULB4A,1533223802222,364182.0
ULB4A,1533227404347,364180.0
ULB4A,1533230997133,364103.0
ULB4A,1533234602143,364086.0
ULB4A,1533238197831,364168.0
ULB4A,1533241804650,364194.0
ULB4A,1533245401483,364148.0
ULB4A,1533249000567,364200.0
ULB4A,1533252595935,364116.0
ULB4A,1533256200390,364016.0
ULB4A,1533259800042,364016.0
ULB4A,1533263400253,363958.0
ULB4A,1533266999346,363937.0
ULB4A,1533270600941,363920.0
ULB4A,1533274195361,363847.0
ULB4A,1533277804818,363927.0
ULB4A,1533281400178,364001.0
ULB4A,1533285003283,363980.0
ULB4A,1533288603945,363939.0
ULB4A,1533292203882,363919.0
ULB4A,1533295796767,363994.0
ULB4A,1533299395709,364047.0
ULB4A,1533302995131,364098.0
ULB4A,1533306595801,364049.0
ULB4A,1533310201373,364001.0
ULB4A,1533313798367,364003.0
ULB4A,1533317403782,364056.0
ULB4A,1533320997576,364032.0
ULB4A,1533324604739,364131.0
ULB4A,1533328201843,364152.0
ULB4A,1533331801288,364129.0
ULB4A,1533335400975,364080.0
ULB4A,1533339003240,364056.0
ULB4A,1533342604883,364027.0
ULB4A,1533346201601,363998.0
ULB4A,1533349802250,363939.0
ULB4A,1533353404918,363966.0
ULB4A,1533356996523,363963.0
ULB4A,1533360596133,364000.0
ULB4A,1533364201589,364099.0
ULB4A,1533367795304,364046.0
ULB4A,1533371400185,364038.0
ULB4A,1533375001544,363971.0
ULB4A,1533378595361,364052.0
ULB4A,1533382197741,364037.0
ULB4A,1533385800910,364038.0
ULB4A,1533389399938,363982.0
ULB4A,1533392995583,364027.0
ULB4A,1533396602516,364033.0
ULB4A,1533400202813,363998.0
ULB4A,1533403796954,363923.0
ULB4A,1533407404386,363861.0
ULB4A,1533411001568,363872.0
ULB4A,1533414602504,363934.0
ULB4A,1533418198765,363984.0
ULB4A,1533421795935,363885.0
ULB4A,1533425401875,363911.0
ULB4A,1533428997224,363994.0
ULB4A,1533432595990,363988.0
ULB4A,1533436197582,363917.0
ULB4A,1533439802676,363896.0
ULB4A,1533443397843,363897.0
ULB4A,1533447004436,363945.0
ULB4A,1533450600840,364032.0
ULB4A,1533454202187,364040.0
ULB4A,1533457802533,363960.0
ULB4A,1533461400361,363876.0
ULB4A,1533465000536,363815.0
ULB4A,1533468604625,363868.0
ULB4A,1533472195929,363831.0
ULB4A,1533475795510,363744.0
ULB4A,1533479397195,363674.0
ULB4A,1533483003746,363707.0
ULB4A,1533486599999,363713.0
ULB4A,1533490197298,363770.0
ULB4A,1533493798642,363767.0
ULB4A,1533497401357,363807.0
ULB4A,1533500999878,363741.0
ULB4A,1533504595906,363830.0
ULB4A,1533508202892,363908.0
ULB4A,1533511796704,363906.0
ULB4A,1533515396816,363849.0
ULB4A,1533519001183,363886.0
ULB4A,1533522597966,363921.0
ULB4A,1533526202606,363864.0
ULB4A,1533529802498,363891.0
ULB4A,1533533399413,363851.0
ULB4A,1533536995805,363913.0
ULB4A,1533540600506,363958.0
ULB4A,1533544201155,364051.0
ULB4A,1533547801376,363971.0
ULB4A,1533551400816,363970.0
ULB4A,1533554997690,363948.0
ULB4A,1533558599994,364036.0
ULB4A,1533562200063,364021.0
ULB4A,1533565797617,364056.0
ULB4A,1533569396759,364018.0
ULB4A,1533572996065,363990.0
ULB4A,1533576599763,364043.0
ULB4A,1533580202986,364087.0
ULB4A,1533583801850,364116.0
ULB4A,1533587403750,364199.0
ULB4A,1533590995838,364188.0
ULB4A,1533594597737,364113.0
ULB4A,1533598202302,364100.0
ULB4A,1533601804167,364189.0
ULB4A,1533605400166,364123.0
ULB4A,1533609002718,364099.0
ULB4A,1533612603842,364032.0
ULB4A,1533616202707,363962.0
ULB4A,1533619804001,364049.0
ULB4A,1533623396329,364121.0
ULB4A,1533626996917,364127.0
ULB4A,1533630603757,364190.0
ULB4A,1533634195912,364187.0
ULB4A,1533637797471,364167.0
ULB4A,1533641399849,364243.0
ULB4A,1533645001754,364166.0
ULB4A,1533648602501,364232.0
ULB4A,1533652201635,364181.0
ULB4A,1533655799570,364223.0
ULB4A,1533659395375,364262.0
ULB4A,1533662997494,364196.0
ULB4A,1533666597519,364264.0
ULB4A,1533670200710,364218.0
ULB4A,1533673797638,364143.0
ULB4A,1533677403226,364116.0
ULB4A,1533680997034,364031.0
ULB4A,1533684596604,363988.0
ULB4A,1533688195864,363974.0
ULB4A,1533691799537,363949.0
ULB4A,1533695404432,364043.0
ULB4A,1533698999215,363957.0
ULB4A,1533702601537,363935.0
ULB4A,1533706197022,363990.0
ULB4A,1533709804031,364082.0
ULB4A,1533713400682,364042.0
ULB4A,1533717002673,363967.0
ULB4A,1533720598918,364009.0
ULB4A,1533724201382,364002.0
ULB4A,1533727803612,364026.0
ULB4A,1533731402550,364026.0
ULB4A,1533734999711,364085.0
ULB4A,1533738599126,364077.0
ULB4A,1533742200755,363993.0
ULB4A,1533745801621,364032.0
ULB4A,1533749404147,364113.0
ULB4A,1533753000931,364089.0
ULB4A,1533756597761,364045.0
ULB4A,1533760199312,363962.0
ULB4A,1533763799228,363962.0
ULB4A,1533767404594,363929.0
ULB4A,1533771000283,363912.0
ULB4A,1533774601983,363876.0
ULB4A,1533778196167,363898.0
ULB4A,1533781801657,363943.0
ULB4A,1533785403094,363938.0
ULB4A,1533788998633,363948.0
ULB4A,1533792601140,364011.0
ULB4A,1533796198227,363932.0
ULB4A,1533799801227,363992.0
ULB4A,1533803403816,363938.0
ULB4A,1533806997762,363865.0
ULB4A,1533810598139,363914.0
ULB4A,1533814199218,364001.0
ULB4A,1533817804794,363900.0
ULB4A,1533821402740,363936.0
ULB4A,1533825004046,364017.0
ULB4A,1533828604600,364071.0
ULB4A,1533832195933,364123.0
ULB4A,1533835796400,364038.0
ULB4A,1533839396091,364015.0
ULB4A,1533842996491,363983.0
ULB4A,1533846595376,364071.0
ULB4A,1533850202108,364156.0
ULB4A,1533853804468,364150.0
ULB4A,1533857395178,364139.0
ULB4A,1533861000422,364127.0
ULB4A,1533864603185,364225.0
ULB4A,1533868202268,364264.0
ULB4A,1533871801015,364264.0
ULB4A,1533875396740,364205.0
ULB4A,1533878997658,364137.0
ULB4A,1533882603880,364170.0
ULB4A,1533886203797,364199.0
ULB4A,1533889801136,364264.0
ULB4A,1533893397124,364264.0
ULB4A,1533896999232,364264.0
ULB4A,1533900604604,364239.0
ULB4A,1533904203921,364201.0
ULB4A,1533907795581,364161.0
ULB4A,1533911403612,364222.0
ULB4A,1533915000434,364164.0
ULB4A,1533918602099,364182.0
ULB4A,1533922197574,364174.0
ULB4A,1533925804666,364169.0
ULB4A,1533929399042,364264.0
ULB4A,1533932996098,364185.0
ULB4A,1533936602530,364180.0
ULB4A,1533940199684,364225.0
ULB4A,1533943798599,364230.0
ULB4A,1533947404139,364238.0
ULB4A,1533951003094,364203.0
ULB4A,1533954599724,364132.0
ULB4A,1533958195487,364040.0
ULB4A,1533961800944,364020.0
ULB4A,1533965399945,364029.0
ULB4A,1533968997169,364019.0
ULB4A,1533972595242,363962.0
ULB4A,1533976201986,364061.0
ULB4A,1533979802179,364072.0
ULB4A,1533983399944,364172.0
ULB4A,1533987003945,364192.0
ULB4A,1533990601430,364115.0
ULB4A,1533994198367,364098.0
ULB4A,1533997801670,364157.0
ULB4A,1534001401249,364184.0
ULB4A,1534004995859,364150.0
ULB4A,1534008595243,364233.0
ULB4A,1534012199378,364264.0
ULB4A,1534015802407,364228.0
ULB4A,1534019404784,364264.0
ULB4A,1534022999029,364264.0
ULB4A,1534026601558,364219.0
ULB4A,1534030202179,364227.0
ULB4A,1534033804888,364264.0
ULB4A,1534037403149,364196.0
ULB4A,1534041000572,364189.0
ULB4A,1534044600879,364106.0
ULB4A,1534048200199,364104.0
ULB4A,1534051798295,364086.0
ULB4A,1534055398003,364028.0
ULB4A,1534058998855,363940.0
ULB4A,1534062603867,363896.0
ULB4A,1534066203463,363822.0
ULB4A,1534069802200,363908.0
ULB4A,1534073398904,363816.0
ULB4A,1534077002806,363904.0
ULB4A,1534080602308,363812.0
ULB4A,1534084202751,363886.0
ULB4A,1534087803747,363786.0
ULB4A,1534091398872,363727.0
ULB4A,1534094996280,363737.0
ULB4A,1534098604905,363657.0
ULB4A,1534102197145,363653.0
ULB4A,1534105801495,363724.0
ULB4A,1534109404652,363625.0
ULB4A,1534112999789,363714.0
ULB4A,1534116595661,363785.0
ULB4A,1534120203160,363765.0
ULB4A,1534123797773,363667.0
ULB4A,1534127395313,363679.0
ULB4A,1534131004519,363766.0
ULB4A,1534134597477,363702.0
ULB4A,1534138199836,363663.0
ULB4A,1534141795376,363749.0
ULB4A,1534145400365,363693.0
ULB4A,1534148998967,363757.0
ULB4A,1534152600935,363846.0
ULB4A,1534156203571,363826.0
ULB4A,1534159796809,363808.0
ULB4A,1534163396266,363878.0
ULB4A,1534166999970,363804.0
ULB4A,1534170602521,363903.0
ULB4A,1534174199592,363919.0
ULB4A,1534177795598,363854.0
ULB4A,1534181396867,363820.0
ULB4A,1534184998769,363741.0
ULB4A,1534188599239,363773.0
ULB4A,1534192201922,363815.0
ULB4A,1534195799247,363817.0
ULB4A,1534199403644,363801.0
ULB4A,1534202997205,363775.0
ULB4A,1534206601384,363838.0
ULB4A,1534210204271,363860.0
ULB4A,1534213802942,363848.0
ULB4A,1534217399686,363901.0
ULB4A,1534221004533,363895.0
ULB4A,1534224599055,363885.0
ULB4A,1534228196476,363961.0
ULB4A,1534231795707,364060.0
ULB4A,1534235401600,364028.0
ULB4A,1534239003403,364128.0
ULB4A,1534242598204,364201.0
ULB4A,1534246196044,364230.0
ULB4A,1534249801360,364226.0
ULB4A,1534253399250,364168.0
ULB4A,1534256998633,364252.0
ULB4A,1534260599920,364199.0
ULB4A,1534264202672,364174.0
ULB4A,1534267799220,364091.0
ULB4A,1534271395886,364008.0
ULB4A,1534275002705,363938.0
ULB4A,1534278595628,363951.0
ULB4A,1534282202101,363947.0
ULB4A,1534285796264,363950.0
ULB4A,1534289402298,363868.0
ULB4A,1534293003091,363846.0
ULB4A,1534296596554,363883.0
ULB4A,1534300200150,363914.0
ULB4A,1534303803930,363992.0
ULB4A,1534307401316,363970.0
ULB4A,1534310995193,363981.0
ULB4A,1534314601850,364013.0
ULB4A,1534318200017,363919.0
ULB4A,1534321799266,363907.0
ULB4A,1534325403594,363992.0
ULB4A,1534329002567,363992.0
ULB4A,1534332596591,364056.0
ULB4A,1534336198946,364148.0
ULB4A,1534339799050,364226.0
ULB4A,1534343404883,364143.0
ULB4A,1534347002954,364094.0
ULB4A,1534350597882,364081.0
ULB4A,1534354201300,364048.0
ULB4A,1534357804531,363962.0
ULB4A,1534361395382,363961.0
ULB4A,1534365001713,363895.0
ULB4A,1534368599351,363905.0
ULB4A,1534372195155,363982.0
ULB4A,1534375796428,363966.0
ULB4A,1534379397507,363885.0
ULB4A,1534383003077,363878.0
ULB4A,1534386602045,363876.0
ULB4A,1534390200341,363847.0
ULB4A,1534393798668,363898.0
ULB4A,1534397403088,363887.0
ULB4A,1534400995839,363867.0
ULB4A,1534404603022,363938.0
ULB4A,1534408203545,364001.0
ULB4A,1534411801452,364088.0
ULB4A,1534415397240,364114.0
ULB4A,1534418997971,364078.0
ULB4A,1534422596924,364123.0
ULB4A,1534426200465,364096.0
ULB4A,1534429802504,364159.0
ULB4A,1534433404966,364125.0
ULB4A,1534437002295,364032.0
ULB4A,1534440599800,363992.0
ULB4A,1534444201092,363943.0
ULB4A,1534447801942,364020.0
ULB4A,1534451398989,363990.0
ULB4A,1534455001739,363935.0
ULB4A,1534458602609,363874.0
ULB4A,1534462199338,363945.0
ULB4A,1534465801653,364040.0
ULB4A,1534469402007,363958.0
ULB4A,1534472995303,363981.0
ULB4A,1534476597702,363919.0
ULB4A,1534480200632,363886.0
ULB4A,1534483802716,363790.0
ULB4A,1534487395213,363876.0
ULB4A,1534490995729,363779.0
ULB4A,1534494599728,363788.0
ULB4A,1534498197512,363825.0
ULB4A,1534501800417,363916.0
ULB4A,1534505395959,363817.0
ULB4A,1534509002506,363818.0
ULB4A,1534512596289,363806.0
ULB4A,1534516198062,363895.0
ULB4A,1534519797058,363988.0
ULB4A,1534523400690,363918.0
ULB4A,1534527003466,363826.0
ULB4A,1534530604837,363730.0
ULB4A,1534534202833,363698.0
ULB4A,1534537799482,363668.0
ULB4A,1534541395577,363574.0
ULB4A,1534544999174,363657.0
ULB4A,1534548597459,363736.0
ULB4A,1534552201093,363731.0
ULB4A,1534555801513,363741.0
ULB4A,1534559402438,363754.0
ULB4A,1534562997355,363710.0
ULB4A,1534566603446,363644.0
ULB4A,1534570201364,363645.0
ULB4A,1534573797433,363665.0
ULB4A,1534577402587,363716.0
ULB4A,1534581003923,363693.0
ULB4A,1534584601014,363653.0
ULB4A,1534588199830,363569.0
ULB4A,1534591797562,363545.0
ULB4A,1534595402486,363587.0
ULB4A,1534598997711,363584.0
ULB4A,1534602595463,363653.0
ULB4A,1534606199024,363662.0
ULB4A,1534609796488,363732.0
ULB4A,1534613400591,363756.0
ULB4A,1534616998360,363800.0
ULB4A,1534620605014,363782.0
ULB4A,1534624196069,363766.0
ULB4A,1534627799337,363822.0
ULB4A,1534631402213,363898.0
ULB4A,1534635000776,363852.0
ULB4A,1534638596765,363794.0
ULB4A,1534642195554,363849.0
ULB4A,1534645801822,363921.0
ULB4A,1534649399956,363921.0
ULB4A,1534652995439,364003.0
ULB4A,1534656601857,363918.0
ULB4A,1534660197493,363840.0
ULB4A,1534663796906,363862.0
ULB4A,1534667396845,363840.0
ULB4A,1534671001838,363747.0
ULB4A,1534674601387,363799.0
ULB4A,1534678204076,363888.0
ULB4A,1534681799677,363796.0
ULB4A,1534685398532,363798.0
ULB4A,1534689004072,363781.0
ULB4A,1534692604573,363824.0
ULB4A,1534696200035,363872.0
ULB4A,1534699801472,363895.0
ULB4A,1534703397714,363889.0
ULB4A,1534706999620,363827.0
ULB4A,1534710598521,363905.0
ULB4A,1534714196338,363924.0
ULB4A,1534717796146,363936.0
ULB4A,1534721397943,364001.0
ULB4A,1534725001129,364040.0
ULB4A,1534728603001,363959.0
ULB4A,1534732200052,363999.0
ULB4A,1534735796210,364055.0
ULB4A,1534739400544,364027.0
ULB4A,1534742996121,364016.0
ULB4A,1534746597668,364010.0
ULB4A,1534750200831,364014.0
ULB4A,1534753804602,364005.0
ULB4A,1534757399910,363989.0
ULB4A,1534760996708,363977.0
ULB4A,1534764597852,363918.0
ULB4A,1534768196074,363884.0
ULB4A,1534771798519,363842.0
ULB4A,1534775398627,363805.0
ULB4A,1534779004538,363873.0
ULB4A,1534782604752,363837.0
ULB4A,1534786202309,363844.0
ULB4A,1534789800517,363855.0
ULB4A,1534793396938,363773.0
ULB4A,1534797002354,363793.0
ULB4A,1534800602251,363825.0
ULB4A,1534804200927,363846.0
ULB4A,1534807795856,363856.0
ULB4A,1534811404502,363827.0
ULB4A,1534815003238,363773.0
ULB4A,1534818599849,363788.0
ULB4A,1534822202130,363697.0
ULB4A,1534825800499,363762.0
ULB4A,1534829395812,363818.0
ULB4A,1534833003660,363898.0
ULB4A,1534836596888,363865.0
ULB4A,1534840201157,363877.0
ULB4A,1534843802054,363950.0
ULB4A,1534847399811,363940.0
ULB4A,1534850995370,363860.0
ULB4A,1534854595320,363861.0
ULB4A,1534858196975,363773.0
ULB4A,1534861800556,363826.0
ULB4A,1534865403351,363869.0
ULB4A,1534868997913,363931.0
ULB4A,1534872602452,364004.0
ULB4A,1534876199637,364103.0
ULB4A,1534879802010,364135.0
ULB4A,1534883396586,364132.0
ULB4A,1534886999580,364188.0
ULB4A,1534890600145,364087.0
ULB4A,1534894199443,364155.0
ULB4A,1534897802045,364068.0
ULB4A,1534901402480,364030.0
ULB4A,1534904999923,363964.0
ULB4A,1534908595574,363915.0
ULB4A,1534912195685,363936.0
ULB4A,1534915800169,363858.0
ULB4A,1534919403135,363840.0
ULB4A,1534923002213,363866.0
ULB4A,1534926603914,363918.0
ULB4A,1534930197414,363823.0
ULB4A,1534933802237,363867.0
ULB4A,1534937401366,363907.0
ULB4A,1534940996179,363904.0
ULB4A,1534944603765,363883.0
ULB4A,1534948204183,363889.0
ULB4A,1534951797217,363950.0
ULB4A,1534955402523,363892.0
ULB4A,1534958998486,363953.0
ULB4A,1534962597287,363944.0
ULB4A,1534966196705,363894.0
ULB4A,1534969796622,363912.0
ULB4A,1534973397085,363847.0
ULB4A,1534977002395,363767.0
ULB4A,1534980602143,363821.0
ULB4A,1534984196955,363859.0
ULB4A,1534987802830,363924.0
ULB4A,1534991396115,363907.0
ULB4A,1534995002876,364005.0
ULB4A,1534998604337,364098.0
ULB4A,1535002197345,364052.0
ULB4A,1535005798608,364019.0
ULB4A,1535009395382,364014.0
ULB4A,1535012996788,363974.0
ULB4A,1535016603933,363971.0
ULB4A,1535020198676,364015.0
ULB4A,1535023803839,364012.0
ULB4A,1535027400327,363990.0
ULB4A,1535031002303,363919.0
ULB4A,1535034598422,363822.0
ULB4A,1535038200058,363849.0
ULB4A,1535041797248,363921.0
ULB4A,1535045395329,364017.0
ULB4A,1535048997869,364051.0
ULB4A,1535052603295,364054.0
ULB4A,1535056202073,364126.0
ULB4A,1535059803413,364065.0
ULB4A,1535063395361,364004.0
ULB4A,1535066997764,364101.0
ULB4A,1535070601307,364091.0
ULB4A,1535074200521,364071.0
ULB4A,1535077796127,364091.0
ULB4A,1535081403092,364056.0
ULB4A,1535084998931,364042.0
ULB4A,1535088600258,364085.0
ULB4A,1535092204931,364182.0
ULB4A,1535095799706,364162.0
ULB4A,1535099403342,364130.0
ULB4A,1535102999795,364116.0
ULB4A,1535106596237,364096.0
ULB4A,1535110199347,364132.0
ULB4A,1535113799758,364064.0
ULB4A,1535117397492,364103.0
ULB4A,1535121002255,364106.0
ULB4A,1535124595937,364040.0
ULB4A,1535128198661,364026.0
ULB4A,1535131799806,364047.0
ULB4A,1535135401786,364112.0
ULB4A,1535138998260,364180.0
ULB4A,1535142597430,364175.0
ULB4A,1535146201339,364234.0
ULB4A,1535149801990,364224.0
ULB4A,1535153398449,364244.0
ULB4A,1535156995193,364215.0
ULB4A,1535160596792,364264.0
ULB4A,1535164196953,364264.0
ULB4A,1535167796989,364171.0
ULB4A,1535171396165,364091.0
ULB4A,1535175004228,364188.0
ULB4A,1535178598924,364129.0
ULB4A,1535182203552,364181.0
ULB4A,1535185802533,364095.0
ULB4A,1535189395200,364089.0
ULB4A,1535193001931,364180.0
ULB4A,1535196603636,364135.0
ULB4A,1535200195429,364179.0
ULB4A,1535203800094,364229.0
ULB4A,1535207402355,364264.0
ULB4A,1535211002789,364217.0
ULB4A,1535214604836,364190.0
ULB4A,1535218202083,364264.0
ULB4A,1535221802131,364264.0
ULB4A,1535225396816,364220.0
ULB4A,1535228998177,364252.0
ULB4A,1535232602503,364264.0
ULB4A,1535236204477,364238.0
ULB4A,1535239796806,364162.0
ULB4A,1535243400528,364205.0
ULB4A,1535247002514,364201.0
ULB4A,1535250601716,364198.0
ULB4A,1535254204695,364118.0
ULB4A,1535257802788,364110.0
ULB4A,1535261404543,364146.0
ULB4A,1535264999598,364192.0
ULB4A,1535268600921,364119.0
ULB4A,1535272199443,364110.0
ULB4A,1535275796298,364172.0
ULB4A,1535279399681,364233.0
ULB4A,1535283000960,364264.0
ULB4A,1535286603431,364178.0
ULB4A,1535290195282,364187.0
ULB4A,1535293802439,364111.0
ULB4A,1535297402725,364107.0
ULB4A,1535300997321,364035.0
ULB4A,1535304603321,363956.0
ULB4A,1535308200987,364009.0
ULB4A,1535311800370,364058.0
ULB4A,1535315403958,363958.0
ULB4A,1535318995585,363959.0
ULB4A,1535322602555,363899.0
ULB4A,1535326196049,363865.0
ULB4A,1535329797388,363871.0
ULB4A,1535333397503,363949.0
ULB4A,1535337004421,364012.0
ULB4A,1535340599778,363964.0
ULB4A,1535344204443,364012.0
ULB4A,1535347798697,363919.0
ULB4A,1535351395628,363859.0
ULB4A,1535354999123,363903.0
ULB4A,1535358596453,363930.0
ULB4A,1535362202265,363887.0
ULB4A,1535365796227,363838.0
ULB4A,1535369401431,363901.0
ULB4A,1535373003648,363836.0
ULB4A,1535376604937,363770.0
ULB4A,1535380195214,363731.0
ULB4A,1535383800130,363831.0
ULB4A,1535387399392,363882.0
ULB4A,1535391003111,363822.0
ULB4A,1535394601925,363881.0
ULB4A,1535398200153,363823.0
ULB4A,1535401803087,363920.0
ULB4A,1535405401392,363994.0
ULB4A,1535409001042,364047.0
ULB4A,1535412601555,364051.0
ULB4A,1535416202584,364042.0
ULB4A,1535419799894,364125.0
ULB4A,1535423397215,364167.0
ULB4A,1535426998572,364101.0
ULB4A,1535430595637,364001.0
ULB4A,1535434202219,364021.0
ULB4A,1535437796571,364044.0
ULB4A,1535441396735,364050.0
ULB4A,1535444999989,364113.0
ULB4A,1535448601045,364043.0
ULB4A,1535452204196,364058.0
ULB4A,1535455796169,364004.0
ULB4A,1535459397386,363958.0
ULB4A,1535462997706,363914.0
ULB4A,1535466601963,363995.0
ULB4A,1535470203578,363946.0
ULB4A,1535473800501,363944.0
ULB4A,1535477402147,364028.0
ULB4A,1535481004421,364044.0
ULB4A,1535484595780,364028.0
ULB4A,1535488198329,363946.0
ULB4A,1535491799627,363998.0
ULB4A,1535495395926,364040.0
ULB4A,1535499002460,364094.0
ULB4A,1535502602303,364082.0
ULB4A,1535506196590,364049.0
ULB4A,1535509802533,364122.0
ULB4A,1535513404102,364055.0
ULB4A,1535517002286,364026.0
ULB4A,1535520600988,364033.0
ULB4A,1535524199133,364016.0
ULB4A,1535527804139,363935.0
ULB4A,1535531400000,363893.0
ULB4A,1535535000901,363881.0
ULB4A,1535538600968,363862.0
ULB4A,1535542198820,363797.0
ULB4A,1535545796290,363716.0
ULB4A,1535549403997,363720.0
ULB4A,1535552996259,363820.0
ULB4A,1535556597453,363851.0
ULB4A,1535560203953,363895.0
ULB4A,1535563798503,363934.0
ULB4A,1535567404942,363923.0
ULB4A,1535570998149,363888.0
ULB4A,1535574604511,363943.0
ULB4A,1535578199930,364032.0
ULB4A,1535581803739,363987.0
ULB4A,1535585397322,364070.0
ULB4A,1535588998462,364027.0
ULB4A,1535592603872,364035.0
ULB4A,1535596203707,364022.0
ULB4A,1535599801711,364090.0
ULB4A,1535603403922,364179.0
ULB4A,1535606998212,364206.0
ULB4A,1535610596822,364197.0
ULB4A,1535614204487,364264.0
ULB4A,1535617800880,364264.0
ULB4A,1535621399858,364248.0
ULB4A,1535624999906,364264.0
ULB4A,1535628596697,364221.0
ULB4A,1535632198834,364177.0
ULB4A,1535635800440,364164.0
ULB4A,1535639401224,364127.0
ULB4A,1535643002875,364101.0
ULB4A,1535646604835,364083.0
ULB4A,1535650200984,364174.0
ULB4A,1535653800500,364107.0
ULB4A,1535657404665,364033.0
ULB4A,1535661004189,363952.0
ULB4A,1535664603653,363934.0
ULB4A,1535668200979,364016.0
ULB4A,1535671800797,364008.0
ULB4A,1535675402288,364071.0
ULB4A,1535679003699,364016.0
ULB4A,1535682597285,364064.0
ULB4A,1535686197446,364144.0
ULB4A,1535689798283,364192.0
ULB4A,1535693401482,364096.0
ULB4A,1535696997866,364129.0
ULB4A,1535700595443,364208.0
ULB4A,1535704204834,364264.0
ULB4A,1535707803745,364257.0
ULB4A,1535711400374,364199.0
ULB4A,1535714995558,364124.0
ULB4A,1535718600424,364150.0
ULB4A,1535722196580,364173.0
ULB4A,1535725798670,364115.0
ULB4A,1535729399411,364052.0
ULB4A,1535732999859,364043.0
ULB4A,1535736601536,364028.0
ULB4A,1535740203003,364001.0
ULB4A,1535743796032,364071.0
ULB4A,1535747399421,364137.0
ULB4A,1535751003747,364178.0
ULB4A,1535754595460,364150.0
ULB4A,1535758202693,364197.0
ULB4A,1535761798495,364149.0
ULB4A,1535765399326,364115.0
ULB4A,1535768995301,364015.0
ULB4A,1535772599211,363923.0
ULB4A,1535776200470,363880.0
ULB4A,1535779800965,363785.0
ULB4A,1535783396140,363881.0
ULB4A,1535786995822,363800.0
ULB4A,1535790595392,363807.0
ULB4A,1535794200283,363762.0
ULB4A,1535797797207,363697.0
ULB4A,1535801395132,363680.0
ULB4A,1535804997101,363628.0
ULB4A,1535808602168,363592.0
ULB4A,1535812200537,363646.0
ULB4A,1535815800517,363734.0
ULB4A,1535819397183,363660.0
ULB4A,1535822995764,363607.0
ULB4A,1535826595669,363678.0
ULB4A,1535830199131,363679.0
ULB4A,1535833803916,363654.0
ULB4A,1535837396203,363598.0
ULB4A,1535840997327,363539.0
ULB4A,1535844600753,363596.0
ULB4A,1535848200809,363532.0
ULB4A,1535851799353,363479.0
ULB4A,1535855395151,363471.0
ULB4A,1535858997069,363534.0
ULB4A,1535862601454,363587.0
ULB4A,1535866198685,363662.0
ULB4A,1535869798991,363581.0
ULB4A,1535873402408,363566.0
ULB4A,1535876997414,363570.0
ULB4A,1535880596455,363540.0
ULB4A,1535884199386,363615.0
ULB4A,1535887800026,363643.0
ULB4A,1535891401533,363679.0
ULB4A,1535894995739,363581.0
ULB4A,1535898603596,363572.0
ULB4A,1535902196256,363616.0
ULB4A,1535905800370,363566.0
ULB4A,1535909403486,363555.0
ULB4A,1535912999910,363602.0
ULB4A,1535916599736,363635.0
ULB4A,1535920202597,363685.0
ULB4A,1535923804261,363732.0
ULB4A,1535927403465,363788.0
ULB4A,1535931004144,363885.0
ULB4A,1535934601431,363974.0
ULB4A,1535938197531,364065.0
ULB4A,1535941803608,364008.0
ULB4A,1535945402652,364020.0
ULB4A,1535948996174,363942.0
ULB4A,1535952600697,363860.0
ULB4A,1535956195944,363941.0
ULB4A,1535959798847,363932.0
ULB4A,1535963397840,363868.0
ULB4A,1535967002893,363780.0
ULB4A,1535970595936,363799.0
ULB4A,1535974200479,363723.0
ULB4A,1535977804869,363727.0
ULB4A,1535981399270,363695.0
ULB4A,1535984996971,363783.0
ULB4A,1535988595363,363750.0
ULB4A,1535992195543,363805.0
ULB4A,1535995800068,363724.0
ULB4A,1535999397395,363663.0
ULB4A,1536002999430,363710.0
ULB4A,1536006596691,363715.0
ULB4A,1536010201593,363693.0
ULB4A,1536013797429,363789.0
ULB4A,1536017401507,363763.0
ULB4A,1536021000439,363774.0
ULB4A,1536024601036,363864.0
ULB4A,1536028200801,363903.0
ULB4A,1536031798840,363826.0
ULB4A,1536035404195,363766.0
ULB4A,1536039005010,363830.0
ULB4A,1536042603865,363868.0
ULB4A,1536046204677,363794.0
ULB4A,1536049798857,363830.0
ULB4A,1536053401525,363906.0
ULB4A,1536057002527,363951.0
ULB4A,1536060596043,363998.0
ULB4A,1536064199663,363922.0
ULB4A,1536067799647,363937.0
ULB4A,1536071397144,364013.0
ULB4A,1536075004479,363988.0
ULB4A,1536078599642,364086.0
ULB4A,1536082202541,364001.0
ULB4A,1536085797773,363961.0
ULB4A,1536089399830,363907.0
ULB4A,1536093000386,363888.0
ULB4A,1536096597246,363795.0
ULB4A,1536100199750,363818.0
ULB4A,1536103801672,363733.0
ULB4A,1536107399650,363744.0
ULB4A,1536110998243,363787.0
ULB4A,1536114598768,363809.0
ULB4A,1536118202048,363879.0
ULB4A,1536121797798,363801.0
ULB4A,1536125396174,363759.0
ULB4A,1536129002518,363783.0
ULB4A,1536132601287,363713.0
ULB4A,1536136200525,363773.0
ULB4A,1536139799445,363749.0
ULB4A,1536143396584,363843.0
ULB4A,1536147004430,363876.0
ULB4A,1536150603639,363852.0
ULB4A,1536154197230,363875.0
ULB4A,1536157800632,363962.0
ULB4A,1536161402338,364034.0
ULB4A,1536165003205,364043.0
ULB4A,1536168599186,363995.0
ULB4A,1536172201066,363937.0
ULB4A,1536175801927,363851.0
ULB4A,1536179397086,363942.0
ULB4A,1536183003339,363959.0
ULB4A,1536186595169,363863.0
ULB4A,1536190204496,363843.0
ULB4A,1536193804309,363942.0
ULB4A,1536197398648,363905.0
ULB4A,1536200999622,363958.0
ULB4A,1536204600498,364040.0
ULB4A,1536208202197,363949.0
ULB4A,1536211799205,363922.0
ULB4A,1536215399106,364013.0
ULB4A,1536218999734,363977.0
ULB4A,1536222602695,363989.0
ULB4A,1536226202501,363958.0
ULB4A,1536229804721,364049.0
ULB4A,1536233398806,363955.0
ULB4A,1536237003320,364011.0
ULB4A,1536240600410,364108.0
ULB4A,1536244195791,364044.0
ULB4A,1536247798445,364058.0
ULB4A,1536251399446,364146.0
ULB4A,1536255003097,364203.0
ULB4A,1536258598075,364235.0
ULB4A,1536262198200,364228.0
ULB4A,1536265796913,364218.0
ULB4A,1536269400937,364256.0
ULB4A,1536272996152,364194.0
ULB4A,1536276597017,364178.0
ULB4A,1536280195052,364250.0
ULB4A,1536283803202,364243.0
ULB4A,1536287395193,364164.0
ULB4A,1536290996848,364102.0
ULB4A,1536294596442,364107.0
ULB4A,1536298202063,364164.0
ULB4A,1536301795410,364250.0
ULB4A,1536305404562,364264.0
ULB4A,1536309000499,364252.0
ULB4A,1536312603246,364264.0
ULB4A,1536316200796,364256.0
ULB4A,1536319804084,364210.0
ULB4A,1536323404398,364130.0
ULB4A,1536326995308,364107.0
ULB4A,1536330601854,364164.0
ULB4A,1536334202190,364137.0
ULB4A,1536337797303,364063.0
ULB4A,1536341400139,364039.0
ULB4A,1536344997894,364050.0
ULB4A,1536348601722,363952.0
ULB4A,1536352196136,363881.0
ULB4A,1536355800558,363796.0
ULB4A,1536359399328,363840.0
ULB4A,1536363000819,363780.0
ULB4A,1536366598273,363787.0
ULB4A,1536370198713,363860.0
ULB4A,1536373799467,363938.0
ULB4A,1536377396840,363873.0
ULB4A,1536380999649,363933.0
ULB4A,1536384598467,363923.0
ULB4A,1536388198888,363929.0
ULB4A,1536391800617,363950.0
ULB4A,1536395396956,363985.0
ULB4A,1536398995989,363937.0
ULB4A,1536402599660,363991.0
ULB4A,1536406203398,363990.0
ULB4A,1536409802405,364003.0
ULB4A,1536413401722,364083.0
ULB4A,1536417003787,364093.0
ULB4A,1536420604709,364001.0
ULB4A,1536424199491,364015.0
ULB4A,1536427799150,363954.0
ULB4A,1536431400141,363887.0
ULB4A,1536434995498,363807.0
ULB4A,1536438596446,363754.0
ULB4A,1536442203633,363704.0
ULB4A,1536445803306,363649.0
ULB4A,1536449401022,363744.0
ULB4A,1536452998256,363648.0
ULB4A,1536456602756,363727.0
ULB4A,1536460195743,363771.0
ULB4A,1536463796074,363776.0
ULB4A,1536467398486,363817.0
ULB4A,1536470996568,363733.0
ULB4A,1536474597081,363696.0
ULB4A,1536478204955,363711.0
ULB4A,1536481804206,363630.0
ULB4A,1536485397203,363642.0
ULB4A,1536488999318,363712.0
ULB4A,1536492599165,363677.0
ULB4A,1536496202632,363606.0
ULB4A,1536499799692,363649.0
ULB4A,1536503401481,363692.0
ULB4A,1536506996674,363723.0
ULB4A,1536510595191,363760.0
ULB4A,1536514199339,363750.0
ULB4A,1536517797668,363672.0
ULB4A,1536521399610,363710.0
ULB4A,1536525004958,363658.0
ULB4A,1536528602252,363630.0
ULB4A,1536532202572,363555.0
ULB4A,1536535804857,363606.0
ULB4A,1536539397221,363513.0
ULB4A,1536543003499,363598.0
ULB4A,1536546598970,363516.0
ULB4A,1536550200150,363490.0
ULB4A,1536553796819,363448.0
ULB4A,1536557396262,363526.0
ULB4A,1536561002711,363448.0
ULB4A,1536564595336,363429.0
ULB4A,1536568196852,363401.0
ULB4A,1536571801232,363372.0
ULB4A,1536575400125,363365.0
ULB4A,1536578997960,363448.0
ULB4A,1536582598898,363451.0
ULB4A,1536586204073,363367.0
ULB4A,1536589798858,363297.0
ULB4A,1536593395316,363257.0
ULB4A,1536597003597,363281.0
ULB4A,1536600599017,363348.0
ULB4A,1536604202590,363276.0
ULB4A,1536607796871,363180.0
ULB4A,1536611403621,363253.0
ULB4A,1536614998148,363253.0
ULB4A,1536618599753,363320.0
ULB4A,1536622204532,363315.0
ULB4A,1536625800363,363268.0
ULB4A,1536629402021,363306.0
ULB4A,1536632996031,363313.0
ULB4A,1536636599258,363310.0
ULB4A,1536640202597,363220.0
ULB4A,1536643804117,363156.0
ULB4A,1536647395366,363125.0
ULB4A,1536651002190,363026.0
ULB4A,1536654602761,363050.0
ULB4A,1536658202322,363068.0
ULB4A,1536661801124,363039.0
ULB4A,1536665395558,362943.0
ULB4A,1536669000303,363002.0
ULB4A,1536672599914,363088.0
ULB4A,1536676203123,363138.0
ULB4A,1536679800986,363204.0
ULB4A,1536683396161,363286.0
ULB4A,1536687002559,363315.0
ULB4A,1536690598863,363330.0
ULB4A,1536694200051,363430.0
ULB4A,1536697795308,363388.0
ULB4A,1536701404578,363448.0
ULB4A,1536704999811,363501.0
ULB4A,1536708595229,363496.0
ULB4A,1536712196702,363470.0
ULB4A,1536715800521,363500.0
ULB4A,1536719399809,363466.0
ULB4A,1536722997143,363534.0
ULB4A,1536726604679,363539.0
ULB4A,1536730202540,363459.0
ULB4A,1536733801689,363386.0
ULB4A,1536737404431,363303.0
ULB4A,1536741001786,363388.0
ULB4A,1536744604769,363407.0
ULB4A,1536748197615,363507.0
ULB4A,1536751803080,363527.0
ULB4A,1536755397387,363621.0
ULB4A,1536758995845,363538.0
ULB4A,1536762601911,363585.0
ULB4A,1536766204853,363661.0
ULB4A,1536769799472,363580.0
ULB4A,1536773396852,363664.0
ULB4A,1536777000426,363697.0
ULB4A,1536780602124,363608.0
ULB4A,1536784200769,363632.0
ULB4A,1536787797501,363713.0
ULB4A,1536791396784,363784.0
ULB4A,1536795001126,363843.0
ULB4A,1536798595321,363846.0
ULB4A,1536802204753,363785.0
ULB4A,1536805802692,363846.0
ULB4A,1536809401915,363784.0
ULB4A,1536812996517,363809.0
ULB4A,1536816601154,363865.0
ULB4A,1536820195301,363883.0
ULB4A,1536823803336,363840.0
ULB4A,1536827402530,363935.0
ULB4A,1536830998469,363895.0
ULB4A,1536834601745,363947.0
ULB4A,1536838196987,364046.0
ULB4A,1536841801232,364107.0
ULB4A,1536845401986,364088.0
ULB4A,1536848998266,364016.0
ULB4A,1536852596211,363979.0
ULB4A,1536856195459,364045.0
ULB4A,1536859801601,363958.0
ULB4A,1536863404547,363943.0
ULB4A,1536867004546,364038.0
ULB4A,1536870599038,364105.0
ULB4A,1536874195996,364176.0
ULB4A,1536877797601,364141.0
ULB4A,1536881400204,364226.0
ULB4A,1536885002472,364223.0
ULB4A,1536888600737,364151.0
ULB4A,1536892203516,364104.0
ULB4A,1536895802103,364163.0
ULB4A,1536899395689,364257.0
ULB4A,1536903001535,364264.0
ULB4A,1536906603164,364264.0
ULB4A,1536910204011,364188.0
ULB4A,1536913797563,364264.0
ULB4A,1536917397270,364264.0
ULB4A,1536921002174,364244.0
ULB4A,1536924596656,364264.0
ULB4A,1536928197131,364264.0
ULB4A,1536931802217,364264.0
ULB4A,1536935399503,364264.0
ULB4A,1536939001893,364264.0
ULB4A,1536942604471,364264.0
ULB4A,1536946197260,364264.0
ULB4A,1536949803229,364264.0
ULB4A,1536953398613,364264.0
ULB4A,1536957004863,364264.0
ULB4A,1536960599352,364247.0
ULB4A,1536964198843,364264.0
ULB4A,1536967802576,364264.0
ULB4A,1536971404726,364264.0
ULB4A,1536975000276,364264.0
ULB4A,1536978595307,364234.0
ULB4A,1536982201962,364184.0
ULB4A,1536985798144,364087.0
ULB4A,1536989399691,364180.0
ULB4A,1536993002947,364199.0
ULB4A,1536996603989,364150.0
ULB4A,1537000197155,364132.0
ULB4A,1537003802762,364178.0
ULB4A,1537007395482,364103.0
ULB4A,1537010997607,364082.0
ULB4A,1537014600743,364099.0
ULB4A,1537018202912,364021.0
ULB4A,1537021800761,363944.0
ULB4A,1537025397129,364042.0
ULB4A,1537028997271,364076.0
ULB4A,1537032596926,364161.0
ULB4A,1537036204700,364239.0
ULB4A,1537039804003,364264.0
ULB4A,1537043400848,364202.0
ULB4A,1537047000807,364165.0
ULB4A,1537050603856,364085.0
ULB4A,1537054202210,364144.0
ULB4A,1537057803327,364219.0
ULB4A,1537061403470,364163.0
ULB4A,1537064995061,364114.0
ULB4A,1537068595587,364059.0
ULB4A,1537072198788,364139.0
ULB4A,1537075803725,364058.0
ULB4A,1537079401931,364144.0
ULB4A,1537082998679,364231.0
ULB4A,1537086598323,364146.0
ULB4A,1537090198138,364171.0
ULB4A,1537093798823,364226.0
ULB4A,1537097402415,364234.0
ULB4A,1537101004783,364197.0
ULB4A,1537104598880,364189.0
ULB4A,1537108204780,364208.0
ULB4A,1537111797711,364264.0
ULB4A,1537115400239,364264.0
ULB4A,1537118999534,364204.0
ULB4A,1537122599924,364182.0
ULB4A,1537126196812,364228.0
ULB4A,1537129804395,364166.0
ULB4A,1537133402497,364075.0
ULB4A,1537137003318,364006.0
ULB4A,1537140595072,363941.0
ULB4A,1537144203357,363924.0
ULB4A,1537147799194,363903.0
ULB4A,1537151395934,363806.0
ULB4A,1537155004178,363802.0
ULB4A,1537158601810,363709.0
ULB4A,1537162196668,363809.0
ULB4A,1537165798442,363809.0
ULB4A,1537169403024,363848.0
ULB4A,1537172999352,363758.0
ULB4A,1537176599404,363782.0
ULB4A,1537180198713,363840.0
ULB4A,1537183799095,363743.0
ULB4A,1537187399648,363711.0
ULB4A,1537191003808,363698.0
ULB4A,1537194601468,363683.0
ULB4A,1537198196391,363751.0
ULB4A,1537201802858,363718.0
ULB4A,1537205398867,363727.0
ULB4A,1537208996087,363682.0
ULB4A,1537212596641,363651.0
ULB4A,1537216200877,363562.0
ULB4A,1537219802461,363477.0
ULB4A,1537223395790,363450.0
ULB4A,1537227002330,363508.0
ULB4A,1537230597406,363590.0
ULB4A,1537234201789,363564.0
ULB4A,1537237797354,363476.0
ULB4A,1537241395671,363445.0
ULB4A,1537245001493,363390.0
ULB4A,1537248595376,363376.0
ULB4A,1537252195203,363297.0
ULB4A,1537255801840,363348.0
ULB4A,1537259397326,363322.0
ULB4A,1537262997704,363408.0
ULB4A,1537266602293,363324.0
ULB4A,1537270202815,363336.0
ULB4A,1537273799587,363424.0
ULB4A,1537277400872,363411.0
ULB4A,1537280995900,363379.0
ULB4A,1537284601408,363414.0
ULB4A,1537288202516,363450.0
ULB4A,1537291796740,363432.0
ULB4A,1537295398298,363501.0
ULB4A,1537298995920,363532.0
ULB4A,1537302599393,363448.0
ULB4A,1537306203987,363492.0
ULB4A,1537309802237,363391.0
ULB4A,1537313402879,363398.0
ULB4A,1537317003500,363425.0
ULB4A,1537320602975,363356.0
ULB4A,1537324197019,363347.0
ULB4A,1537327803856,363418.0
ULB4A,1537331404265,363429.0
ULB4A,1537334997425,363453.0
ULB4A,1537338601192,363477.0
ULB4A,1537342202870,363479.0
ULB4A,1537345802527,363430.0
ULB4A,1537349396198,363467.0
ULB4A,1537352997084,363557.0
ULB4A,1537356604054,363618.0
ULB4A,1537360201558,363671.0
ULB4A,1537363804271,363728.0
ULB4A,1537367400400,363668.0
ULB4A,1537370998649,363727.0
ULB4A,1537374597528,363637.0
ULB4A,1537378201962,363719.0
ULB4A,1537381800559,363692.0
ULB4A,1537385400297,363740.0
ULB4A,1537388997890,363794.0
ULB4A,1537392604315,363881.0
ULB4A,1537396196391,363854.0
ULB4A,1537399797424,363920.0
ULB4A,1537403397314,363934.0
ULB4A,1537407001912,363906.0
ULB4A,1537410597910,363945.0
ULB4A,1537414200174,364022.0
ULB4A,1537417796200,363991.0
ULB4A,1537421403190,363913.0
ULB4A,1537424998783,363954.0
ULB4A,1537428604001,363886.0
ULB4A,1537432203815,363914.0
ULB4A,1537435795438,363955.0
ULB4A,1537439404724,363956.0
ULB4A,1537442998444,363927.0
ULB4A,1537446604643,363967.0
ULB4A,1537450195388,363978.0
ULB4A,1537453798203,364003.0
ULB4A,1537457398531,363976.0
ULB4A,1537461003474,363937.0
ULB4A,1537464604444,364018.0
ULB4A,1537468199211,364087.0
ULB4A,1537471803883,364026.0
ULB4A,1537475399612,364076.0
ULB4A,1537478995612,364152.0
ULB4A,1537482599709,364092.0
ULB4A,1537486199948,364100.0
ULB4A,1537489801757,364058.0
ULB4A,1537493395023,364133.0
ULB4A,1537497000302,364221.0
ULB4A,1537500597552,364153.0
ULB4A,1537504195023,364089.0
ULB4A,1537507804166,364061.0
ULB4A,1537511396985,364096.0
ULB4A,1537514997810,364078.0
ULB4A,1537518602962,364067.0
ULB4A,1537522197926,364057.0
ULB4A,1537525797311,364066.0
ULB4A,1537529395809,364037.0
ULB4A,1537532997238,364070.0
ULB4A,1537536596423,364067.0
ULB4A,1537540202656,364102.0
ULB4A,1537543799292,364026.0
ULB4A,1537547397341,364055.0
ULB4A,1537550996128,364155.0
ULB4A,1537554600656,364074.0
ULB4A,1537558196614,363981.0
ULB4A,1537561796763,364061.0
ULB4A,1537565404622,364146.0
ULB4A,1537568995477,364123.0
ULB4A,1537572595473,364042.0
ULB4A,1537576203175,363944.0
ULB4A,1537579797660,363843.0
ULB4A,1537583402917,363943.0
ULB4A,1537586996149,364041.0
ULB4A,1537590602649,364033.0
ULB4A,1537594200185,364068.0
ULB4A,1537597797915,363990.0
ULB4A,1537601404807,364024.0
ULB4A,1537605004268,364012.0
ULB4A,1537608595735,364003.0
ULB4A,1537612201792,364030.0
ULB4A,1537615799107,363987.0
ULB4A,1537619402539,364011.0
ULB4A,1537622999591,363949.0
ULB4A,1537626599395,363852.0
ULB4A,1537630199749,363808.0
ULB4A,1537633800981,363853.0
ULB4A,1537637395216,363940.0
ULB4A,1537640997443,363858.0
ULB4A,1537644603817,363873.0
ULB4A,1537648196810,363867.0
ULB4A,1537651804519,363856.0
ULB4A,1537655401393,363760.0
ULB4A,1537658997057,363765.0
ULB4A,1537662604653,363855.0
ULB4A,1537666201158,363863.0
ULB4A,1537669804225,363875.0
ULB4A,1537673400316,363962.0
ULB4A,1537677004545,363898.0
ULB4A,1537680604759,363882.0
ULB4A,1537684200760,363790.0
ULB4A,1537687804161,363755.0
ULB4A,1537691399950,363812.0
ULB4A,1537695001927,363775.0
ULB4A,1537698596636,363831.0
ULB4A,1537702197219,363929.0
ULB4A,1537705804172,363867.0
ULB4A,1537709401973,363869.0
ULB4A,1537713001864,363799.0
ULB4A,1537716602060,363880.0
ULB4A,1537720201012,363958.0
ULB4A,1537723798242,363981.0
ULB4A,1537727404711,363946.0
ULB4A,1537730997877,363847.0
ULB4A,1537734598452,363860.0
ULB4A,1537738198272,363903.0
ULB4A,1537741796598,363873.0
ULB4A,1537745399081,363872.0
ULB4A,1537748999913,363888.0
ULB4A,1537752604341,363905.0
ULB4A,1537756202404,363880.0
ULB4A,1537759802919,363783.0
ULB4A,1537763402836,363868.0
ULB4A,1537766997495,363899.0
ULB4A,1537770598403,363981.0
ULB4A,1537774201310,364062.0
ULB4A,1537777802295,364052.0
ULB4A,1537781400543,364125.0
ULB4A,1537784998022,364062.0
ULB4A,1537788601264,363988.0
ULB4A,1537792196102,364017.0
ULB4A,1537795800647,364081.0
ULB4A,1537799395794,364090.0
ULB4A,1537803004913,364045.0
ULB4A,1537806601336,364070.0
ULB4A,1537810200893,364163.0
ULB4A,1537813800879,364191.0
ULB4A,1537817401335,364232.0
ULB4A,1537821003301,364180.0
ULB4A,1537824600624,364185.0
ULB4A,1537828203110,364264.0
ULB4A,1537831803514,364264.0
ULB4A,1537835401319,364264.0
ULB4A,1537838999696,364180.0
ULB4A,1537842599650,364165.0
ULB4A,1537846197331,364068.0
ULB4A,1537849796779,363988.0
ULB4A,1537853404768,364000.0
ULB4A,1537857001440,364018.0
ULB4A,1537860597662,363962.0
ULB4A,1537864195679,363909.0
ULB4A,1537867798661,363861.0
ULB4A,1537871395969,363922.0
ULB4A,1537875003993,363943.0
ULB4A,1537878602228,364043.0
ULB4A,1537882196117,364022.0
ULB4A,1537885795653,364096.0
ULB4A,1537889400452,364023.0
ULB4A,1537892997083,364034.0
ULB4A,1537896605018,363950.0
ULB4A,1537900202895,364037.0
ULB4A,1537903797489,364000.0
ULB4A,1537907400616,363907.0
ULB4A,1537910996175,363913.0
ULB4A,1537914604853,363921.0
ULB4A,1537918197075,363987.0
ULB4A,1537921804355,364008.0
ULB4A,1537925396735,364001.0
ULB4A,1537928999278,363958.0
ULB4A,1537932597792,364031.0
ULB4A,1537936197492,363949.0
ULB4A,1537939800234,363917.0
ULB4A,1537943401460,363862.0
ULB4A,1537946999969,363943.0
ULB4A,1537950596708,363850.0
ULB4A,1537954200641,363769.0
ULB4A,1537957802417,363796.0
ULB4A,1537961402702,363775.0
ULB4A,1537964999873,363807.0
ULB4A,1537968604391,363791.0
ULB4A,1537972200627,363824.0
ULB4A,1537975798932,363898.0
ULB4A,1537979400824,363903.0
ULB4A,1537983002512,363933.0
ULB4A,1537986600794,363932.0
ULB4A,1537990204481,363894.0
ULB4A,1537993798250,363954.0
ULB4A,1537997404387,363929.0
ULB4A,1538001003494,363920.0
ULB4A,1538004604148,363957.0
ULB4A,1538008204969,363906.0
ULB4A,1538011795529,363966.0
ULB4A,1538015399468,363915.0
ULB4A,1538019000127,363903.0
ULB4A,1538022598713,363945.0
ULB4A,1538026202653,363953.0
ULB4A,1538029795120,363967.0
ULB4A,1538033401798,364020.0
ULB4A,1538037003057,364024.0
ULB4A,1538040603660,364061.0
ULB4A,1538044195129,363991.0
ULB4A,1538047799855,363932.0
ULB4A,1538051402649,364009.0
ULB4A,1538055001876,363912.0
ULB4A,1538058599441,363826.0
ULB4A,1538062203553,363914.0
ULB4A,1538065803452,363927.0
ULB4A,1538069401846,363899.0
ULB4A,1538073003588,363987.0
ULB4A,1538076596743,363982.0
ULB4A,1538080203429,363886.0
ULB4A,1538083798805,363800.0
ULB4A,1538087403262,363862.0
ULB4A,1538091001564,363853.0
ULB4A,1538094597507,363889.0
ULB4A,1538098202054,363850.0
ULB4A,1538101802175,363920.0
ULB4A,1538105396398,363848.0
ULB4A,1538108996902,363784.0
ULB4A,1538112598336,363844.0
ULB4A,1538116196120,363757.0
ULB4A,1538119800300,363658.0
ULB4A,1538123396353,363651.0
ULB4A,1538126997275,363575.0
ULB4A,1538130595981,363521.0
ULB4A,1538134201802,363570.0
ULB4A,1538137796696,363616.0
ULB4A,1538141403523,363612.0
ULB4A,1538144999747,363601.0
ULB4A,1538148600330,363554.0
ULB4A,1538152202369,363617.0
ULB4A,1538155797044,363708.0
ULB4A,1538159396016,363618.0
ULB4A,1538163002818,363626.0
ULB4A,1538166604836,363548.0
ULB4A,1538170197852,363490.0
ULB4A,1538173799439,363463.0
ULB4A,1538177397322,363464.0
ULB4A,1538181004157,363512.0
ULB4A,1538184599214,363463.0
ULB4A,1538188199227,363541.0
ULB4A,1538191799100,363633.0
ULB4A,1538195395110,363660.0
ULB4A,1538198997130,363682.0
ULB4A,1538202603009,363599.0
ULB4A,1538206200500,363556.0
ULB4A,1538209796000,363533.0
ULB4A,1538213401624,363624.0
ULB4A,1538216997313,363593.0
ULB4A,1538220602559,363549.0
ULB4A,1538224195976,363559.0
ULB4A,1538227799388,363587.0
ULB4A,1538231396859,363496.0
ULB4A,1538235004574,363455.0
ULB4A,1538238598531,363502.0
ULB4A,1538242199264,363415.0
ULB4A,1538245797986,363315.0
ULB4A,1538249404290,363409.0
ULB4A,1538252996037,363364.0
ULB4A,1538256598208,363266.0
ULB4A,1538260200062,363352.0
ULB4A,1538263804975,363398.0
ULB4A,1538267403811,363448.0
ULB4A,1538271003351,363446.0
ULB4A,1538274598532,363376.0
ULB4A,1538278203802,363277.0
ULB4A,1538281803158,363301.0
ULB4A,1538285396868,363329.0
ULB4A,1538289000926,363388.0
ULB4A,1538292598604,363462.0
ULB4A,1538296195800,363396.0
ULB4A,1538299795144,363359.0
ULB4A,1538303399559,363274.0
ULB4A,1538307004847,363223.0
ULB4A,1538310599622,363141.0
ULB4A,1538314202551,363230.0
ULB4A,1538317803052,363168.0
ULB4A,1538321404318,363232.0
ULB4A,1538324999375,363153.0
ULB4A,1538328602756,363246.0
ULB4A,1538332199950,363274.0
ULB4A,1538335803718,363272.0
ULB4A,1538339395153,363361.0
ULB4A,1538343004167,363311.0
ULB4A,1538346596269,363217.0
ULB4A,1538350199193,363194.0
ULB4A,1538353799184,363295.0
ULB4A,1538357398297,363218.0
ULB4A,1538360996252,363184.0
ULB4A,1538364599671,363252.0
ULB4A,1538368195664,363214.0
ULB4A,1538371798644,363212.0
ULB4A,1538375397745,363240.0
ULB4A,1538378995557,363279.0
ULB4A,1538382595767,363351.0
ULB4A,1538386201909,363260.0
ULB4A,1538389795667,363191.0
ULB4A,1538393402584,363225.0
ULB4A,1538397000589,363274.0
ULB4A,1538400598346,363319.0
ULB4A,1538404199420,363287.0
ULB4A,1538407803944,363187.0
ULB4A,1538411404894,363228.0
ULB4A,1538414996214,363315.0
ULB4A,1538418595974,363401.0
ULB4A,1538422195679,363317.0
ULB4A,1538425795509,363405.0
ULB4A,1538429399706,363411.0
ULB4A,1538433001840,363403.0
ULB4A,1538436601608,363459.0
ULB4A,1538440204768,363481.0
ULB4A,1538443798716,363419.0
ULB4A,1538447404168,363488.0
ULB4A,1538451002019,363549.0
ULB4A,1538454599584,363526.0
ULB4A,1538458204145,363454.0
ULB4A,1538461795743,363463.0
ULB4A,1538465402525,363560.0
ULB4A,1538469001590,363615.0
ULB4A,1538472601284,363528.0
ULB4A,1538476195450,363531.0
ULB4A,1538479797930,363594.0
ULB4A,1538483397049,363583.0
ULB4A,1538487002255,363635.0
ULB4A,1538490597916,363577.0
ULB4A,1538494195852,363513.0
ULB4A,1538497796429,363531.0
ULB4A,1538501395838,363597.0
ULB4A,1538505002415,363646.0
ULB4A,1538508595915,363598.0
ULB4A,1538512195851,363664.0
ULB4A,1538515799424,363678.0
ULB4A,1538519401898,363584.0
ULB4A,1538523002509,363678.0
ULB4A,1538526600990,363698.0
ULB4A,1538530195415,363663.0
ULB4A,1538533797066,363694.0
ULB4A,1538537398380,363669.0
ULB4A,1538541004753,363696.0
ULB4A,1538544603125,363681.0
ULB4A,1538548203515,363616.0
ULB4A,1538551801108,363636.0
ULB4A,1538555400835,363688.0
ULB4A,1538558999935,363783.0
ULB4A,1538562595437,363706.0
ULB4A,1538566203604,363692.0
ULB4A,1538569801812,363684.0
ULB4A,1538573397275,363593.0
ULB4A,1538576998241,363663.0
ULB4A,1538580603226,363585.0
ULB4A,1538584198999,363580.0
ULB4A,1538587801059,363504.0
ULB4A,1538591403883,363509.0
ULB4A,1538594995465,363416.0
ULB4A,1538598596432,363335.0
ULB4A,1538602195713,363302.0
ULB4A,1538605799488,363347.0
ULB4A,1538609404581,363283.0
ULB4A,1538613004949,363235.0
ULB4A,1538616600114,363255.0
ULB4A,1538620197687,363207.0
ULB4A,1538623803826,363159.0
ULB4A,1538627398895,363241.0
ULB4A,1538630996501,363165.0
ULB4A,1538634596633,363247.0
ULB4A,1538638202858,363231.0
ULB4A,1538641803671,363146.0
ULB4A,1538645395307,363200.0
ULB4A,1538649001922,363212.0
ULB4A,1538652595142,363175.0
ULB4A,1538656201403,363257.0
ULB4A,1538659803735,363248.0
ULB4A,1538663399135,363170.0
ULB4A,1538667000849,363070.0
ULB4A,1538670600712,363092.0
ULB4A,1538674198476,363068.0
ULB4A,1538677797999,363066.0
ULB4A,1538681400250,363155.0
ULB4A,1538685003535,363084.0
ULB4A,1538688600403,363031.0
ULB4A,1538692200068,362940.0
ULB4A,1538695804481,363004.0
ULB4A,1538699398018,362913.0
ULB4A,1538703002276,362859.0
ULB4A,1538706596833,362831.0
ULB4A,1538710202630,362852.0
ULB4A,1538713804438,362933.0
ULB4A,1538717398794,362987.0
ULB4A,1538721003723,362951.0
ULB4A,1538724600014,362932.0
ULB4A,1538728195392,362876.0
ULB4A,1538731795266,362806.0
ULB4A,1538735396330,362842.0
ULB4A,1538739002127,362777.0
ULB4A,1538742603657,362811.0
ULB4A,1538746197705,362835.0
ULB4A,1538749804071,362780.0
ULB4A,1538753403585,362781.0
ULB4A,1538757001531,362708.0
ULB4A,1538760602082,362708.0
ULB4A,1538764198926,362710.0
ULB4A,1538767801149,362761.0
ULB4A,1538771395700,362708.0
ULB4A,1538774998175,362763.0
ULB4A,1538778604330,362721.0
ULB4A,1538782195519,362810.0
ULB4A,1538785798720,362845.0
ULB4A,1538789398949,362908.0
ULB4A,1538793001389,362992.0
ULB4A,1538796601094,363025.0
ULB4A,1538800204752,363105.0
ULB4A,1538803797195,363018.0
ULB4A,1538807398967,363008.0
ULB4A,1538810999024,362925.0
ULB4A,1538814598455,362996.0
ULB4A,1538818197289,363031.0
ULB4A,1538821797979,363071.0
ULB4A,1538825400416,362970.0
ULB4A,1538828997417,362932.0
ULB4A,1538832599147,362879.0
ULB4A,1538836202767,362813.0
ULB4A,1538839802793,362772.0
ULB4A,1538843396876,362728.0
ULB4A,1538847003612,362812.0
ULB4A,1538850598282,362864.0
ULB4A,1538854198641,362782.0
ULB4A,1538857804425,362813.0
ULB4A,1538861403565,362761.0
ULB4A,1538864999446,362855.0
ULB4A,1538868595553,362934.0
ULB4A,1538872200985,362845.0
ULB4A,1538875798653,362770.0
ULB4A,1538879400878,362812.0
ULB4A,1538882999426,362867.0
ULB4A,1538886599114,362861.0
ULB4A,1538890198079,362877.0
ULB4A,1538893804238,362785.0
ULB4A,1538897403791,362823.0
ULB4A,1538901002313,362817.0
ULB4A,1538904602090,362859.0
ULB4A,1538908203287,362875.0
ULB4A,1538911795142,362850.0
ULB4A,1538915396535,362943.0
ULB4A,1538918997906,363004.0
ULB4A,1538922602186,362929.0
ULB4A,1538926199672,362848.0
ULB4A,1538929797590,362894.0
ULB4A,1538933395633,362978.0
ULB4A,1538936995513,363031.0
ULB4A,1538940598055,363106.0
ULB4A,1538944201595,363117.0
ULB4A,1538947802434,363109.0
ULB4A,1538951403675,363129.0
ULB4A,1538954999653,363091.0
ULB4A,1538958600299,363069.0
ULB4A,1538962200194,363144.0
ULB4A,1538965798759,363147.0
ULB4A,1538969397657,363137.0
ULB4A,1538972999471,363186.0
ULB4A,1538976596703,363104.0
ULB4A,1538980199941,363109.0
ULB4A,1538983804362,363030.0
ULB4A,1538987401538,363052.0
ULB4A,1538990999722,363001.0
ULB4A,1538994598322,363039.0
ULB4A,1538998200243,363051.0
ULB4A,1539001795711,362997.0
ULB4A,1539005396615,362919.0
ULB4A,1539009003802,362878.0
ULB4A,1539012601151,362829.0
ULB4A,1539016196965,362801.0
ULB4A,1539019796553,362827.0
ULB4A,1539023396925,362826.0
ULB4A,1539027004828,362768.0
ULB4A,1539030596469,362868.0
ULB4A,1539034204536,362903.0
ULB4A,1539037799100,362964.0
ULB4A,1539041395354,362991.0
ULB4A,1539045002784,362971.0
ULB4A,1539048596316,363010.0
ULB4A,1539052199979,363003.0
ULB4A,1539055799643,363100.0
ULB4A,1539059397179,363146.0
ULB4A,1539063001633,363203.0
ULB4A,1539066600527,363202.0
ULB4A,1539070200770,363188.0
ULB4A,1539073803948,363201.0
ULB4A,1539077399075,363241.0
ULB4A,1539081000175,363323.0
ULB4A,1539084597861,363243.0
ULB4A,1539088201131,363306.0
ULB4A,1539091797984,363277.0
ULB4A,1539095400068,363321.0
ULB4A,1539099001708,363242.0
ULB4A,1539102601956,363254.0
ULB4A,1539106198459,363354.0
ULB4A,1539109796490,363370.0
ULB4A,1539113403202,363374.0
ULB4A,1539116998066,363431.0
ULB4A,1539120602293,363517.0
ULB4A,1539124201822,363432.0
ULB4A,1539127799057,363335.0
ULB4A,1539131401827,363347.0
ULB4A,1539135000675,363346.0
ULB4A,1539138595759,363307.0
ULB4A,1539142196695,363372.0
ULB4A,1539145802296,363446.0
ULB4A,1539149401485,363380.0
ULB4A,1539152999344,363465.0
ULB4A,1539156598869,363523.0
ULB4A,1539160197571,363440.0
ULB4A,1539163804538,363409.0
ULB4A,1539167403026,363464.0
ULB4A,1539171003564,363456.0
ULB4A,1539174598792,363400.0
ULB4A,1539178197239,363414.0
ULB4A,1539181801227,363515.0
ULB4A,1539185397072,363596.0
ULB4A,1539189003807,363506.0
ULB4A,1539192598799,363446.0
ULB4A,1539196203219,363501.0
ULB4A,1539199799558,363526.0
ULB4A,1539203397614,363577.0
ULB4A,1539207004385,363625.0
ULB4A,1539210595251,363719.0
ULB4A,1539214204136,363643.0
ULB4A,1539217799120,363731.0
ULB4A,1539221398798,363801.0
ULB4A,1539224999510,363820.0
ULB4A,1539228599405,363845.0
ULB4A,1539232195043,363896.0
ULB4A,1539235802874,363867.0
ULB4A,1539239400378,363836.0
ULB4A,1539242998643,363858.0
ULB4A,1539246597251,363852.0
ULB4A,1539250199737,363778.0
ULB4A,1539253799998,363745.0
ULB4A,1539257400423,363808.0
ULB4A,1539260998369,363862.0
ULB4A,1539264604417,363889.0
ULB4A,1539268197251,363792.0
ULB4A,1539271797449,363876.0
ULB4A,1539275400560,363847.0
ULB4A,1539278998508,363831.0
ULB4A,1539282601660,363799.0
ULB4A,1539286195530,363754.0
ULB4A,1539289803300,363724.0
ULB4A,1539293401092,363787.0
ULB4A,1539297002383,363763.0
ULB4A,1539300604943,363716.0
ULB4A,1539304201940,363774.0
ULB4A,1539307802278,363862.0
ULB4A,1539311400596,363765.0
ULB4A,1539315001725,363828.0
ULB4A,1539318603014,363853.0
ULB4A,1539322196961,363781.0
ULB4A,1539325802546,363844.0
ULB4A,1539329398108,363884.0
ULB4A,1539332996967,363959.0
ULB4A,1539336595829,364035.0
ULB4A,1539340203767,364097.0
ULB4A,1539343802662,363999.0
ULB4A,1539347403186,364074.0
ULB4A,1539351001815,364028.0
ULB4A,1539354603406,363927.0
ULB4A,1539358202647,363836.0
ULB4A,1539361800517,363776.0
ULB4A,1539365396841,363688.0
ULB4A,1539369002152,363779.0
ULB4A,1539372604044,363759.0
ULB4A,1539376195585,363763.0
ULB4A,1539379799908,363667.0
ULB4A,1539383398982,363629.0
ULB4A,1539386999638,363702.0
ULB4A,1539390595240,363646.0
ULB4A,1539394203520,363644.0
ULB4A,1539397801531,363625.0
ULB4A,1539401401590,363718.0
ULB4A,1539405001119,363669.0
ULB4A,1539408603816,363572.0
ULB4A,1539412195100,363519.0
ULB4A,1539415797119,363545.0
ULB4A,1539419404971,363451.0
ULB4A,1539423005016,363375.0
ULB4A,1539426602624,363292.0
ULB4A,1539430196457,363298.0
ULB4A,1539433801893,363228.0
ULB4A,1539437400543,363253.0
ULB4A,1539441000642,363275.0
ULB4A,1539444602346,363185.0
ULB4A,1539448202568,363261.0
ULB4A,1539451802623,363301.0
ULB4A,1539455402988,363228.0
ULB4A,1539459004300,363302.0
ULB4A,1539462600783,363399.0
ULB4A,1539466203994,363318.0
ULB4A,1539469804299,363251.0
ULB4A,1539473399996,363179.0
ULB4A,1539477001529,363163.0
ULB4A,1539480602821,363163.0
ULB4A,1539484201743,363076.0
ULB4A,1539487804790,363043.0
ULB4A,1539491396951,362975.0
ULB4A,1539495001671,362878.0
ULB4A,1539498604330,362886.0
ULB4A,1539502200380,362857.0
ULB4A,1539505803402,362867.0
ULB4A,1539509404119,362823.0
ULB4A,1539513000301,362902.0
ULB4A,1539516596638,362922.0
ULB4A,1539520204919,362832.0
ULB4A,1539523797763,362798.0
ULB4A,1539527403568,362871.0
ULB4A,1539531001921,362801.0
ULB4A,1539534601588,362768.0
ULB4A,1539538195061,362830.0
ULB4A,1539541800105,362852.0
ULB4A,1539545401497,362896.0
ULB4A,1539549004762,362880.0
ULB4A,1539552596237,362890.0
ULB4A,1539556196993,362893.0
ULB4A,1539559802016,362921.0
ULB4A,1539563404195,362882.0
ULB4A,1539566995148,362925.0
ULB4A,1539570603428,362949.0
ULB4A,1539574204431,362947.0
ULB4A,1539577795674,362908.0
ULB4A,1539581403173,362813.0
ULB4A,1539585002655,362862.0
ULB4A,1539588603202,362784.0
ULB4A,1539592204832,362752.0
ULB4A,1539595800828,362784.0
ULB4A,1539599397266,362708.0
ULB4A,1539602999782,362708.0
ULB4A,1539606599347,362769.0
ULB4A,1539610198376,362730.0
ULB4A,1539613796605,362708.0
ULB4A,1539617400667,362761.0
ULB4A,1539620999478,362790.0
ULB4A,1539624601890,362887.0
ULB4A,1539628195460,362951.0
ULB4A,1539631802900,362865.0
ULB4A,1539635400061,362809.0
ULB4A,1539639003573,362887.0
ULB4A,1539642601741,362977.0
ULB4A,1539646201507,363045.0
ULB4A,1539649803664,363081.0
ULB4A,1539653395630,363031.0
ULB4A,1539656998094,363005.0
ULB4A,1539660596511,363043.0
ULB4A,1539664199893,363107.0
ULB4A,1539667796586,363017.0
ULB4A,1539671400465,363060.0
ULB4A,1539674999248,363153.0
ULB4A,1539678595576,363078.0
ULB4A,1539682202685,363088.0
ULB4A,1539685797137,363168.0
ULB4A,1539689398591,363207.0
ULB4A,1539692997492,363106.0
ULB4A,1539696599415,363116.0
ULB4A,1539700203708,363050.0
ULB4A,1539703797481,363047.0
ULB4A,1539707402664,362963.0
ULB4A,1539711001710,362917.0
ULB4A,1539714597185,362942.0
ULB4A,1539718200458,362880.0
ULB4A,1539721799029,362916.0
ULB4A,1539725395225,362841.0
ULB4A,1539728995201,362798.0
ULB4A,1539732595268,362708.0
ULB4A,1539736202140,362708.0
ULB4A,1539739802144,362776.0
ULB4A,1539743397631,362855.0
ULB4A,1539746998375,362858.0
ULB4A,1539750602418,362808.0
ULB4A,1539754200350,362795.0
ULB4A,1539757800097,362788.0
ULB4A,1539761400103,362793.0
ULB4A,1539765001117,362882.0
ULB4A,1539768596065,362902.0
ULB4A,1539772203295,362905.0
ULB4A,1539775803787,362945.0
ULB4A,1539779404278,362898.0
ULB4A,1539782998951,362941.0
ULB4A,1539786602177,363015.0
ULB4A,1539790199145,363049.0
ULB4A,1539793798487,363126.0
ULB4A,1539797397392,363184.0
ULB4A,1539801001666,363283.0
ULB4A,1539804599885,363258.0
ULB4A,1539808203643,363333.0
ULB4A,1539811795664,363266.0
ULB4A,1539815400545,363267.0
ULB4A,1539818996321,363212.0
ULB4A,1539822598803,363149.0
ULB4A,1539826197595,363121.0
ULB4A,1539829801020,363109.0
ULB4A,1539833400628,363018.0
ULB4A,1539836998045,363020.0
ULB4A,1539840597368,362944.0
ULB4A,1539844201077,362860.0
ULB4A,1539847802437,362921.0
ULB4A,1539851395052,363018.0
ULB4A,1539854996241,362918.0
ULB4A,1539858599390,362905.0
ULB4A,1539862196326,362815.0
ULB4A,1539865802388,362823.0
ULB4A,1539869400399,362772.0
ULB4A,1539872995086,362842.0
ULB4A,1539876601372,362772.0
ULB4A,1539880197565,362778.0
ULB4A,1539883797232,362831.0
ULB4A,1539887396956,362924.0
ULB4A,1539890999035,362965.0
ULB4A,1539894597261,363000.0
ULB4A,1539898197090,362996.0
ULB4A,1539901800785,363071.0
ULB4A,1539905397531,363143.0
ULB4A,1539908998832,363229.0
ULB4A,1539912601958,363317.0
ULB4A,1539916197047,363273.0
ULB4A,1539919800151,363252.0
ULB4A,1539923399729,363238.0
ULB4A,1539926995232,363222.0
ULB4A,1539930601710,363252.0
ULB4A,1539934196075,363179.0
ULB4A,1539937797903,363164.0
ULB4A,1539941404627,363119.0
ULB4A,1539944996755,363102.0
ULB4A,1539948603539,363148.0
ULB4A,1539952202379,363060.0
ULB4A,1539955797767,363032.0
ULB4A,1539959402905,363097.0
ULB4A,1539963000768,363002.0
ULB4A,1539966598406,362916.0
ULB4A,1539970200101,362945.0
ULB4A,1539973800402,362940.0
ULB4A,1539977403667,363003.0
ULB4A,1539981004549,363011.0
ULB4A,1539984604871,362950.0
ULB4A,1539988199475,362925.0
ULB4A,1539991802114,362883.0
ULB4A,1539995401471,362853.0
ULB4A,1539999004170,362873.0
ULB4A,1540002595845,362795.0
ULB4A,1540006197568,362782.0
ULB4A,1540009803322,362808.0
ULB4A,1540013395420,362882.0
ULB4A,1540017000689,362946.0
ULB4A,1540020600679,362982.0
ULB4A,1540024198355,363071.0
ULB4A,1540027799104,363098.0
ULB4A,1540031404497,363157.0
ULB4A,1540035004879,363194.0
ULB4A,1540038597349,363128.0
ULB4A,1540042198311,363050.0
ULB4A,1540045797011,363140.0
ULB4A,1540049396997,363138.0
ULB4A,1540052995758,363212.0
ULB4A,1540056601079,363308.0
ULB4A,1540060198214,363338.0
ULB4A,1540063802695,363272.0
ULB4A,1540067397487,363372.0
ULB4A,1540070996085,363404.0
ULB4A,1540074597085,363378.0
ULB4A,1540078195188,363384.0
ULB4A,1540081798795,363406.0
ULB4A,1540085395644,363353.0
ULB4A,1540088997929,363280.0
ULB4A,1540092597678,363201.0
ULB4A,1540096201732,363130.0
ULB4A,1540099800325,363058.0
ULB4A,1540103404560,363134.0
ULB4A,1540107002409,363212.0
ULB4A,1540110600098,363304.0
ULB4A,1540114197903,363262.0
ULB4A,1540117795211,363320.0
ULB4A,1540121396922,363356.0
ULB4A,1540125000238,363332.0
ULB4A,1540128597830,363310.0
ULB4A,1540132198193,363249.0
ULB4A,1540135796635,363173.0
ULB4A,1540139395249,363203.0
ULB4A,1540143002941,363124.0
ULB4A,1540146596158,363159.0
ULB4A,1540150199844,363173.0
ULB4A,1540153799991,363086.0
ULB4A,1540157401286,363152.0
ULB4A,1540160998832,363235.0
ULB4A,1540164598721,363317.0
ULB4A,1540168199519,363248.0
ULB4A,1540171800965,363255.0
ULB4A,1540175395238,363251.0
ULB4A,1540179000752,363278.0
ULB4A,1540182601914,363367.0
ULB4A,1540186204723,363295.0
ULB4A,1540189800305,363291.0
ULB4A,1540193396576,363392.0
ULB4A,1540196999865,363306.0
ULB4A,1540200596534,363246.0
ULB4A,1540204202980,363204.0
ULB4A,1540207796341,363295.0
ULB4A,1540211396369,363266.0
ULB4A,1540215003499,363280.0
ULB4A,1540218601398,363299.0
ULB4A,1540222198305,363252.0
ULB4A,1540225796953,363349.0
ULB4A,1540229398159,363251.0
ULB4A,1540233004284,363236.0
ULB4A,1540236598506,363299.0
ULB4A,1540240200039,363203.0
ULB4A,1540243798351,363152.0
ULB4A,1540247396945,363132.0
ULB4A,1540251002184,363059.0
ULB4A,1540254599448,363125.0
ULB4A,1540258199357,363210.0
ULB4A,1540261802928,363303.0
ULB4A,1540265402310,363289.0
ULB4A,1540269004423,363260.0
ULB4A,1540272599659,363291.0
ULB4A,1540276196117,363254.0
ULB4A,1540279795821,363254.0
ULB4A,1540283397074,363172.0
ULB4A,1540287001279,363263.0
ULB4A,1540290595585,363324.0
ULB4A,1540294204862,363291.0
ULB4A,1540297802762,363358.0
ULB4A,1540301404943,363270.0
ULB4A,1540304999493,363243.0
ULB4A,1540308595942,363181.0
ULB4A,1540312204834,363146.0
ULB4A,1540315795092,363191.0
ULB4A,1540319402644,363171.0
ULB4A,1540323003113,363227.0
ULB4A,1540326596524,363157.0
ULB4A,1540330200504,363144.0
ULB4A,1540333801187,363119.0
ULB4A,1540337404730,363108.0
ULB4A,1540341003905,363174.0
ULB4A,1540344601466,363242.0
ULB4A,1540348199178,363245.0
ULB4A,1540351800159,363268.0
ULB4A,1540355403591,363365.0
ULB4A,1540358995447,363313.0
ULB4A,1540362604161,363301.0
ULB4A,1540366198831,363385.0
ULB4A,1540369804250,363390.0
ULB4A,1540373395552,363472.0
ULB4A,1540377001429,363491.0
ULB4A,1540380604084,363493.0
ULB4A,1540384200293,363502.0
ULB4A,1540387803656,363443.0
ULB4A,1540391401971,363432.0
ULB4A,1540394997003,363388.0
ULB4A,1540398599096,363370.0
ULB4A,1540402200132,363300.0
ULB4A,1540405803289,363326.0
ULB4A,1540409397393,363300.0
ULB4A,1540412996673,363298.0
ULB4A,1540416597562,363368.0
ULB4A,1540420203498,363380.0
ULB4A,1540423799510,363359.0
ULB4A,1540427404500,363457.0
ULB4A,1540431003508,363526.0
ULB4A,1540434599816,363561.0
ULB4A,1540438197323,363546.0
ULB4A,1540441797174,363577.0
ULB4A,1540445401661,363538.0
ULB4A,1540449002920,363452.0
ULB4A,1540452598245,363466.0
ULB4A,1540456201403,363480.0
ULB4A,1540459795696,363555.0
ULB4A,1540463402099,363515.0
ULB4A,1540467004217,363476.0
ULB4A,1540470601485,363512.0
ULB4A,1540474202622,363612.0
ULB4A,1540477796002,363693.0
ULB4A,1540481399695,363692.0
ULB4A,1540485001542,363703.0
ULB4A,1540488599542,363681.0
ULB4A,1540492197311,363711.0
ULB4A,1540495798193,363618.0
ULB4A,1540499395106,363660.0
ULB4A,1540503001211,363732.0
ULB4A,1540506597704,363759.0
ULB4A,1540510199658,363812.0
ULB4A,1540513802943,363878.0
ULB4A,1540517403107,363835.0
ULB4A,1540521004269,363919.0
ULB4A,1540524599449,364000.0
ULB4A,1540528196174,363992.0
ULB4A,1540531804421,363971.0
ULB4A,1540535404862,363874.0
ULB4A,1540539000126,363793.0
ULB4A,1540542597937,363692.0
ULB4A,1540546197992,363752.0
ULB4A,1540549801007,363741.0
ULB4A,1540553397114,363715.0
ULB4A,1540557003469,363715.0
ULB4A,1540560596168,363762.0
ULB4A,1540564200998,363705.0
ULB4A,1540567798944,363754.0
ULB4A,1540571404183,363685.0
ULB4A,1540575000930,363721.0
ULB4A,1540578596073,363764.0
ULB4A,1540582204600,363831.0
ULB4A,1540585800441,363840.0
ULB4A,1540589402772,363809.0
ULB4A,1540592997506,363746.0
ULB4A,1540596602727,363760.0
ULB4A,1540600201596,363708.0
ULB4A,1540603796927,363745.0
ULB4A,1540607397693,363817.0
ULB4A,1540610995514,363840.0
ULB4A,1540614601996,363937.0
ULB4A,1540618200806,363882.0
ULB4A,1540621798614,363794.0
ULB4A,1540625395466,363869.0
ULB4A,1540629001944,363843.0
ULB4A,1540632601342,363791.0
ULB4A,1540636202733,363815.0
ULB4A,1540639804359,363824.0
ULB4A,1540643404241,363740.0
ULB4A,1540647001838,363773.0
ULB4A,1540650604275,363765.0
ULB4A,1540654195119,363860.0
ULB4A,1540657800440,363874.0
ULB4A,1540661402751,363898.0
ULB4A,1540664995195,363956.0
ULB4A,1540668600725,363897.0
ULB4A,1540672195731,363902.0
ULB4A,1540675803226,363976.0
ULB4A,1540679397404,364058.0
ULB4A,1540683000573,363958.0
ULB4A,1540686595190,364024.0
ULB4A,1540690201230,364108.0
ULB4A,1540693801387,364122.0
ULB4A,1540697400348,364105.0
ULB4A,1540700996971,364041.0
ULB4A,1540704595081,363953.0
ULB4A,1540708201555,364050.0
ULB4A,1540711804969,364064.0
ULB4A,1540715404716,364049.0
ULB4A,1540719003163,364099.0
ULB4A,1540722601695,364072.0
ULB4A,1540726200576,364124.0
ULB4A,1540729797477,364094.0
ULB4A,1540733402632,364186.0
ULB4A,1540737002556,364248.0
ULB4A,1540740597724,364162.0
ULB4A,1540744203012,364245.0
ULB4A,1540747795237,364231.0
ULB4A,1540751397801,364134.0
ULB4A,1540754997482,364049.0
ULB4A,1540758603418,364119.0
ULB4A,1540762201207,364113.0
ULB4A,1540765797688,364207.0
ULB4A,1540769398586,364114.0
ULB4A,1540773004282,364057.0
ULB4A,1540776601369,364153.0
ULB4A,1540780198859,364135.0
ULB4A,1540783803150,364108.0
ULB4A,1540787399942,364132.0
ULB4A,1540791000420,364095.0
ULB4A,1540794598442,364193.0
ULB4A,1540798198715,364214.0
ULB4A,1540801804871,364264.0
ULB4A,1540805400982,364215.0
ULB4A,1540809001193,364114.0
ULB4A,1540812597237,364085.0
ULB4A,1540816198307,364154.0
ULB4A,1540819803085,364210.0
ULB4A,1540823399684,364264.0
ULB4A,1540826995701,364264.0
ULB4A,1540830597318,364264.0
ULB4A,1540834201211,364206.0
ULB4A,1540837798357,364253.0
ULB4A,1540841396372,364264.0
ULB4A,1540845002795,364264.0
ULB4A,1540848601489,364264.0
ULB4A,1540852198490,364181.0
ULB4A,1540855799582,364238.0
ULB4A,1540859399506,364264.0
ULB4A,1540862996118,364264.0
ULB4A,1540866598081,364222.0
ULB4A,1540870203409,364189.0
ULB4A,1540873799497,364264.0
ULB4A,1540877398735,364264.0
ULB4A,1540881004477,364264.0
ULB4A,1540884598365,364196.0
ULB4A,1540888200245,364128.0
ULB4A,1540891800854,364076.0
ULB4A,1540895403952,364133.0
ULB4A,1540898999108,364057.0
ULB4A,1540902595512,364136.0
ULB4A,1540906199365,364096.0
ULB4A,1540909798736,364087.0
ULB4A,1540913396378,364088.0
ULB4A,1540916999625,364010.0
ULB4A,1540920604841,364017.0
ULB4A,1540924198020,363952.0
ULB4A,1540927799491,363864.0
ULB4A,1540931397889,363791.0
ULB4A,1540935002449,363718.0
ULB4A,1540938601109,363788.0
ULB4A,1540942202521,363882.0
ULB4A,1540945799994,363929.0
ULB4A,1540949401981,363942.0
ULB4A,1540952998991,363876.0
ULB4A,1540956595620,363781.0
ULB4A,1540960198096,363858.0
ULB4A,1540963797890,363813.0
ULB4A,1540967397696,363881.0
ULB4A,1540971001441,363974.0
ULB4A,1540974597970,364021.0
ULB4A,1540978200834,363959.0
ULB4A,1540981795525,363922.0
ULB4A,1540985399358,363896.0
ULB4A,1540989004223,363825.0
ULB4A,1540992597046,363892.0
ULB4A,1540996200978,363928.0
ULB4A,1540999795562,363969.0
ULB4A,1541003404794,364059.0
ULB4A,1541007002950,364135.0
ULB4A,1541010601112,364136.0
ULB4A,1541014198007,364197.0
ULB4A,1541017802056,364109.0
ULB4A,1541021401324,364009.0
ULB4A,1541024999790,363932.0
ULB4A,1541028595898,363864.0
ULB4A,1541032200222,363963.0
ULB4A,1541035803191,363888.0
ULB4A,1541039397546,363830.0
ULB4A,1541042996871,363799.0
ULB4A,1541046599878,363897.0
ULB4A,1541050203555,363855.0
ULB4A,1541053799014,363851.0
ULB4A,1541057398214,363768.0
ULB4A,1541060996361,363749.0
ULB4A,1541064604755,363770.0
ULB4A,1541068203278,363686.0
ULB4A,1541071803762,363776.0
ULB4A,1541075398307,363806.0
ULB4A,1541078996425,363784.0
ULB4A,1541082599678,363778.0
ULB4A,1541086196422,363686.0
ULB4A,1541089799172,363677.0
ULB4A,1541093397130,363719.0
ULB4A,1541097001830,363770.0
ULB4A,1541100604192,363850.0
ULB4A,1541104198090,363917.0
ULB4A,1541107801212,363831.0
ULB4A,1541111396695,363884.0
ULB4A,1541115004288,363885.0
ULB4A,1541118602490,363842.0
ULB4A,1541122200009,363937.0
ULB4A,1541125804868,364029.0
ULB4A,1541129396856,363985.0
ULB4A,1541133003574,363910.0
ULB4A,1541136595627,363849.0
ULB4A,1541140203924,363852.0
ULB4A,1541143803515,363856.0
ULB4A,1541147395717,363770.0
ULB4A,1541151002976,363799.0
ULB4A,1541154599644,363775.0
ULB4A,1541158200911,363871.0
ULB4A,1541161798352,363938.0
ULB4A,1541165398405,363942.0
ULB4A,1541168998568,363928.0
ULB4A,1541172604877,363927.0
ULB4A,1541176202817,363903.0
ULB4A,1541179797564,363839.0
ULB4A,1541183398032,363898.0
ULB4A,1541186997453,363989.0
ULB4A,1541190601828,363893.0
ULB4A,1541194201399,363819.0
ULB4A,1541197801556,363907.0
ULB4A,1541201403228,363818.0
ULB4A,1541205002072,363899.0
ULB4A,1541208601820,363928.0
ULB4A,1541212197762,363896.0
ULB4A,1541215798231,363984.0
ULB4A,1541219404876,363955.0
ULB4A,1541223002177,363976.0
ULB4A,1541226601548,363999.0
ULB4A,1541230203007,363912.0
ULB4A,1541233797683,363850.0
ULB4A,1541237402719,363775.0
ULB4A,1541241000565,363705.0
ULB4A,1541244599749,363747.0
ULB4A,1541248197058,363690.0
ULB4A,1541251799809,363610.0
ULB4A,1541255400194,363522.0
ULB4A,1541259000397,363477.0
ULB4A,1541262602751,363415.0
ULB4A,1541266200388,363478.0
ULB4A,1541269799387,363487.0
ULB4A,1541273398429,363481.0
ULB4A,1541277000001,363400.0
ULB4A,1541280604086,363343.0
ULB4A,1541284199625,363375.0
ULB4A,1541287795436,363310.0
ULB4A,1541291398404,363324.0
ULB4A,1541295001320,363257.0
ULB4A,1541298604999,363267.0
ULB4A,1541302200325,363203.0
ULB4A,1541305801891,363203.0
ULB4A,1541309401613,363129.0
ULB4A,1541313000258,363225.0
ULB4A,1541316598035,363126.0
ULB4A,1541320202222,363065.0
ULB4A,1541323797994,363055.0
ULB4A,1541327395979,363055.0
ULB4A,1541331002212,363106.0
ULB4A,1541334601668,363134.0
ULB4A,1541338199206,363115.0
ULB4A,1541341802146,363191.0
ULB4A,1541345403271,363095.0
ULB4A,1541348996999,363063.0
ULB4A,1541352595913,363067.0
ULB4A,1541356196794,363147.0
ULB4A,1541359804496,363142.0
ULB4A,1541363401196,363194.0
ULB4A,1541367003503,363202.0
ULB4A,1541370601913,363199.0
ULB4A,1541374197281,363181.0
ULB4A,1541377801290,363139.0
ULB4A,1541381402707,363163.0
ULB4A,1541385001798,363237.0
ULB4A,1541388596752,363163.0
ULB4A,1541392202312,363242.0
ULB4A,1541395802438,363150.0
ULB4A,1541399404810,363151.0
ULB4A,1541402998661,363164.0
ULB4A,1541406602737,363175.0
ULB4A,1541410201079,363204.0
ULB4A,1541413804274,363264.0
ULB4A,1541417403306,363289.0
ULB4A,1541421003425,363249.0
ULB4A,1541424596874,363297.0
ULB4A,1541428198329,363336.0
ULB4A,1541431802699,363342.0
ULB4A,1541435404726,363419.0
ULB4A,1541438998659,363323.0
ULB4A,1541442602048,363243.0
ULB4A,1541446198917,363146.0
ULB4A,1541449799810,363241.0
ULB4A,1541453400537,363227.0
ULB4A,1541457003431,363206.0
ULB4A,1541460600313,363269.0
ULB4A,1541464203669,363303.0
ULB4A,1541467802710,363254.0
ULB4A,1541471403203,363184.0
ULB4A,1541475002039,363179.0
ULB4A,1541478600453,363257.0
ULB4A,1541482203107,363211.0
ULB4A,1541485797095,363201.0
ULB4A,1541489400837,363288.0
ULB4A,1541492995751,363304.0
ULB4A,1541496597278,363352.0
ULB4A,1541500200093,363397.0
ULB4A,1541503797288,363367.0
ULB4A,1541507400917,363461.0
ULB4A,1541511003461,363436.0
ULB4A,1541514597564,363518.0
ULB4A,1541518201559,363489.0
ULB4A,1541521803096,363459.0
ULB4A,1541525403753,363436.0
ULB4A,1541529000273,363471.0
ULB4A,1541532601260,363458.0
ULB4A,1541536198940,363533.0
ULB4A,1541539796366,363540.0
ULB4A,1541543395240,363503.0
ULB4A,1541547000356,363555.0
ULB4A,1541550602705,363493.0
ULB4A,1541554195767,363437.0
ULB4A,1541557797329,363457.0
ULB4A,1541561404908,363402.0
ULB4A,1541564995814,363324.0
ULB4A,1541568597660,363254.0
ULB4A,1541572199613,363267.0
ULB4A,1541575804419,363298.0
ULB4A,1541579403725,363249.0
ULB4A,1541582997557,363343.0
ULB4A,1541586602992,363377.0
ULB4A,1541590197612,363391.0
ULB4A,1541593797355,363303.0
ULB4A,1541597400206,363333.0
ULB4A,1541600999694,363333.0
ULB4A,1541604598379,363411.0
ULB4A,1541608195271,363506.0
ULB4A,1541611795171,363439.0
ULB4A,1541615401312,363525.0
ULB4A,1541619003525,363453.0
ULB4A,1541622602312,363538.0
ULB4A,1541626202339,363636.0
ULB4A,1541629796638,363712.0
ULB4A,1541633403506,363729.0
ULB4A,1541637000537,363705.0
ULB4A,1541640603087,363719.0
ULB4A,1541644200500,363770.0
ULB4A,1541647796076,363791.0
ULB4A,1541651398166,363827.0
ULB4A,1541654996169,363745.0
ULB4A,1541658600430,363694.0
ULB4A,1541662202750,363690.0
ULB4A,1541665804781,363720.0
ULB4A,1541669397446,363752.0
ULB4A,1541672996414,363705.0
ULB4A,1541676603975,363678.0
ULB4A,1541680203184,363705.0
ULB4A,1541683796846,363680.0
ULB4A,1541687396691,363768.0
ULB4A,1541691001463,363814.0
ULB4A,1541694597567,363799.0
ULB4A,1541698199496,363824.0
ULB4A,1541701800657,363896.0
ULB4A,1541705403870,363858.0
ULB4A,1541709000288,363758.0
ULB4A,1541712596305,363751.0
ULB4A,1541716196333,363694.0
ULB4A,1541719803346,363722.0
ULB4A,1541723401241,363776.0
ULB4A,1541727000228,363703.0
ULB4A,1541730595567,363632.0
ULB4A,1541734197239,363722.0
ULB4A,1541737798433,363758.0
ULB4A,1541741401840,363853.0
ULB4A,1541745003264,363796.0
ULB4A,1541748603174,363885.0
ULB4A,1541752203396,363928.0
ULB4A,1541755800951,363978.0
ULB4A,1541759403467,363893.0
ULB4A,1541763003240,363945.0
ULB4A,1541766598462,363885.0
ULB4A,1541770201211,363979.0
ULB4A,1541773796445,363946.0
ULB4A,1541777401177,363947.0
ULB4A,1541780995372,364010.0
ULB4A,1541784603440,364055.0
ULB4A,1541788199943,364123.0
ULB4A,1541791798808,364190.0
ULB4A,1541795404336,364184.0
ULB4A,1541798999839,364143.0
ULB4A,1541802597913,364057.0
ULB4A,1541806202579,364086.0
ULB4A,1541809804331,364010.0
ULB4A,1541813403374,364041.0
ULB4A,1541817003606,364128.0
ULB4A,1541820602925,364216.0
ULB4A,1541824195715,364264.0
ULB4A,1541827801178,364180.0
ULB4A,1541831403956,364202.0
ULB4A,1541834997242,364177.0
ULB4A,1541838600220,364192.0
ULB4A,1541842195360,364146.0
ULB4A,1541845797018,364170.0
ULB4A,1541849395614,364201.0
ULB4A,1541852997552,364134.0
ULB4A,1541856596701,364227.0
ULB4A,1541860199234,364229.0
ULB4A,1541863795427,364203.0
ULB4A,1541867401577,364218.0
ULB4A,1541870995091,364131.0
ULB4A,1541874598342,364107.0
ULB4A,1541878197698,364065.0
ULB4A,1541881801683,364010.0
ULB4A,1541885397316,364096.0
ULB4A,1541889003796,364080.0
ULB4A,1541892601174,364046.0
ULB4A,1541896200349,364019.0
ULB4A,1541899804166,364090.0
ULB4A,1541903402924,364044.0
ULB4A,1541906999918,364065.0
ULB4A,1541910597766,364125.0
ULB4A,1541914203567,364189.0
ULB4A,1541917799071,364215.0
ULB4A,1541921395577,364138.0
ULB4A,1541925002578,364143.0
ULB4A,1541928603992,364099.0
ULB4A,1541932196319,364056.0
ULB4A,1541935795769,364076.0
ULB4A,1541939401444,364029.0
ULB4A,1541943003083,364092.0
ULB4A,1541946603795,364152.0
ULB4A,1541950196003,364226.0
ULB4A,1541953801538,364220.0
ULB4A,1541957404359,364264.0
ULB4A,1541960995889,364176.0
ULB4A,1541964600219,364264.0
ULB4A,1541968198918,364226.0
ULB4A,1541971796904,364230.0
ULB4A,1541975403188,364196.0
ULB4A,1541978998185,364264.0
ULB4A,1541982596345,364172.0
ULB4A,1541986201297,364217.0
ULB4A,1541989801861,364242.0
ULB4A,1541993396840,364264.0
ULB4A,1541996998311,364234.0
ULB4A,1542000604980,364228.0
ULB4A,1542004201332,364154.0
ULB4A,1542007798932,364055.0
ULB4A,1542011398208,364037.0
ULB4A,1542014996086,363953.0
ULB4A,1542018604910,364028.0
ULB4A,1542022197369,364061.0
ULB4A,1542025802739,363974.0
ULB4A,1542029401710,363891.0
ULB4A,1542032996597,363934.0
ULB4A,1542036604552,364025.0
ULB4A,1542040196482,364103.0
ULB4A,1542043800084,364024.0
ULB4A,1542047397309,363948.0
ULB4A,1542050996259,364016.0
ULB4A,1542054602563,364064.0
ULB4A,1542058202579,364068.0
ULB4A,1542061797194,364151.0
ULB4A,1542065404701,364145.0
ULB4A,1542068999322,364138.0
ULB4A,1542072603673,364050.0
ULB4A,1542076202213,364132.0
ULB4A,1542079805004,364186.0
ULB4A,1542083397233,364126.0
ULB4A,1542087002003,364197.0
ULB4A,1542090603222,364241.0
ULB4A,1542094198441,364257.0
ULB4A,1542097801970,364176.0
ULB4A,1542101402979,364211.0
ULB4A,1542104996281,364254.0
ULB4A,1542108598060,364220.0
ULB4A,1542112197897,364264.0
ULB4A,1542115804188,364264.0
ULB4A,1542119402107,364264.0
ULB4A,1542122998626,364219.0
ULB4A,1542126602149,364121.0
ULB4A,1542130200834,364183.0
ULB4A,1542133801899,364191.0
ULB4A,1542137403289,364224.0
ULB4A,1542140999221,364201.0
ULB4A,1542144602588,364172.0
ULB4A,1542148197515,364167.0
ULB4A,1542151797712,364107.0
ULB4A,1542155403757,364144.0
ULB4A,1542158999347,364234.0
ULB4A,1542162603342,364199.0
ULB4A,1542166195881,364164.0
ULB4A,1542169796400,364224.0
ULB4A,1542173397266,364230.0
ULB4A,1542177003290,364182.0
ULB4A,1542180603032,364165.0
ULB4A,1542184195444,364093.0
ULB4A,1542187795094,364147.0
ULB4A,1542191404133,364187.0
ULB4A,1542195002515,364127.0
ULB4A,1542198599123,364142.0
ULB4A,1542202199053,364188.0
ULB4A,1542205798648,364264.0
ULB4A,1542209401889,364182.0
ULB4A,1542213002758,364243.0
ULB4A,1542216598808,364264.0
ULB4A,1542220203521,364264.0
ULB4A,1542223799101,364264.0
ULB4A,1542227397722,364219.0
ULB4A,1542231002714,364250.0
ULB4A,1542234600042,364199.0
ULB4A,1542238198898,364264.0
ULB4A,1542241803068,364167.0
ULB4A,1542245402409,364227.0
ULB4A,1542249004693,364206.0
ULB4A,1542252604478,364264.0
ULB4A,1542256202510,364175.0
ULB4A,1542259797145,364264.0
ULB4A,1542263404770,364264.0
ULB4A,1542267001521,364264.0
ULB4A,1542270597314,364264.0
ULB4A,1542274195190,364264.0
ULB4A,1542277795524,364264.0
ULB4A,1542281400509,364264.0
ULB4A,1542285001227,364264.0
ULB4A,1542288597432,364264.0
ULB4A,1542292201121,364264.0
ULB4A,1542295796309,364223.0
ULB4A,1542299396209,364244.0
ULB4A,1542302995710,364264.0
ULB4A,1542306599008,364264.0
ULB4A,1542310201951,364253.0
ULB4A,1542313799435,364258.0
ULB4A,1542317396870,364264.0
ULB4A,1542321004427,364220.0
ULB4A,1542324598883,364132.0
ULB4A,1542328200164,364198.0
ULB4A,1542331803168,364137.0
ULB4A,1542335400348,364084.0
ULB4A,1542339003787,363989.0
ULB4A,1542342603304,363999.0
ULB4A,1542346204528,364075.0
ULB4A,1542349803026,364044.0
ULB4A,1542353398355,364073.0
ULB4A,1542357004278,363988.0
ULB4A,1542360599882,363989.0
ULB4A,1542364199915,364003.0
ULB4A,1542367804985,363941.0
ULB4A,1542371402285,363930.0
ULB4A,1542375000422,363979.0
ULB4A,1542378600760,363929.0
ULB4A,1542382197643,363937.0
ULB4A,1542385805009,364029.0
ULB4A,1542389401691,364098.0
ULB4A,1542393000750,364171.0
ULB4A,1542396597933,364172.0
ULB4A,1542400197637,364231.0
ULB4A,1542403796262,364264.0
ULB4A,1542407401841,364259.0
ULB4A,1542411004658,364264.0
ULB4A,1542414595231,364264.0
ULB4A,1542418197010,364264.0
ULB4A,1542421804360,364250.0
ULB4A,1542425399904,364177.0
ULB4A,1542429003177,364167.0
ULB4A,1542432598494,364152.0
ULB4A,1542436203806,364181.0
ULB4A,1542439795886,364264.0
ULB4A,1542443400700,364199.0
ULB4A,1542446995627,364198.0
ULB4A,1542450598940,364225.0
ULB4A,1542454200550,364170.0
ULB4A,1542457804293,364204.0
ULB4A,1542461399101,364223.0
ULB4A,1542465004225,364264.0
ULB4A,1542468596581,364255.0
ULB4A,1542472198209,364264.0
ULB4A,1542475796423,364264.0
ULB4A,1542479399245,364221.0
ULB4A,1542482996888,364264.0
ULB4A,1542486599058,364171.0
ULB4A,1542490197714,364164.0
ULB4A,1542493802735,364206.0
ULB4A,1542497404319,364186.0
ULB4A,1542500996778,364264.0
ULB4A,1542504596772,364264.0
ULB4A,1542508202316,364264.0
ULB4A,1542511797259,364212.0
ULB4A,1542515404476,364126.0
ULB4A,1542518995418,364089.0
ULB4A,1542522599128,364144.0
ULB4A,1542526203953,364232.0
ULB4A,1542529799248,364163.0
ULB4A,1542533398416,364171.0
ULB4A,1542536998092,364197.0
ULB4A,1542540596598,364264.0
ULB4A,1542544196349,364217.0
ULB4A,1542547795509,364227.0
ULB4A,1542551404576,364255.0
ULB4A,1542554995138,364222.0
ULB4A,1542558598526,364160.0
ULB4A,1542562200506,364200.0
ULB4A,1542565799296,364113.0
ULB4A,1542569401743,364163.0
ULB4A,1542573003151,364240.0
ULB4A,1542576602449,364166.0
ULB4A,1542580198777,364191.0
ULB4A,1542583795113,364154.0
ULB4A,1542587400255,364088.0
ULB4A,1542591001120,364119.0
ULB4A,1542594595915,364049.0
ULB4A,1542598199165,364138.0
ULB4A,1542601795053,364198.0
ULB4A,1542605399756,364249.0
ULB4A,1542609000854,364264.0
ULB4A,1542612602427,364244.0
ULB4A,1542616201613,364215.0
ULB4A,1542619798976,364244.0
ULB4A,1542623400494,364264.0
ULB4A,1542626999206,364264.0
ULB4A,1542630604754,364200.0
ULB4A,1542634195318,364264.0
ULB4A,1542637799448,364213.0
ULB4A,1542641400481,364264.0
ULB4A,1542645002818,364264.0
ULB4A,1542648598218,364179.0
ULB4A,1542652199500,364264.0
ULB4A,1542655801153,364189.0
ULB4A,1542659402407,364264.0
ULB4A,1542663004091,364253.0
ULB4A,1542666597187,364252.0
ULB4A,1542670195103,364264.0
ULB4A,1542673802474,364264.0
ULB4A,1542677400875,364184.0
ULB4A,1542680999864,364157.0
ULB4A,1542684602228,364122.0
ULB4A,1542688203816,364148.0
ULB4A,1542691801916,364200.0
ULB4A,1542695395977,364226.0
ULB4A,1542698999325,364181.0
ULB4A,1542702597167,364201.0
ULB4A,1542706203475,364168.0
ULB4A,1542709803061,364222.0
ULB4A,1542713395830,364149.0
ULB4A,1542717004238,364194.0
ULB4A,1542720601526,364111.0
ULB4A,1542724198109,364067.0
ULB4A,1542727797745,364110.0
ULB4A,1542731400170,364046.0
ULB4A,1542735003279,364134.0
ULB4A,1542738604964,364127.0
ULB4A,1542742201918,364111.0
ULB4A,1542745800693,364108.0
ULB4A,1542749403480,364189.0
ULB4A,1542752995232,364137.0
ULB4A,1542756598289,364206.0
ULB4A,1542760197719,364145.0
ULB4A,1542763798927,364139.0
ULB4A,1542767402136,364235.0
ULB4A,1542770999649,364140.0
ULB4A,1542774602215,364208.0
ULB4A,1542778203857,364211.0
ULB4A,1542781803766,364113.0
ULB4A,1542785396549,364200.0
ULB4A,1542789002224,364264.0
ULB4A,1542792602656,364229.0
ULB4A,1542796196245,364148.0
ULB4A,1542799804167,364113.0
ULB4A,1542803400319,364176.0
ULB4A,1542806996334,364264.0
ULB4A,1542810595089,364264.0
ULB4A,1542814202178,364193.0
ULB4A,1542817799200,364237.0
ULB4A,1542821402465,364246.0
ULB4A,1542825002859,364244.0
ULB4A,1542828595685,364181.0
ULB4A,1542832200566,364220.0
ULB4A,1542835803839,364144.0
ULB4A,1542839403860,364152.0
ULB4A,1542842998832,364096.0
ULB4A,1542846598161,364103.0
ULB4A,1542850202529,364079.0
ULB4A,1542853803566,364161.0
ULB4A,1542857401203,364196.0
ULB4A,1542861001463,364155.0
ULB4A,1542864602850,364174.0
ULB4A,1542868197904,364175.0
ULB4A,1542871803796,364229.0
ULB4A,1542875397710,364223.0
ULB4A,1542878997327,364264.0
ULB4A,1542882603937,364241.0
ULB4A,1542886196807,364264.0
ULB4A,1542889802334,364238.0
ULB4A,1542893404917,364250.0
ULB4A,1542896997929,364264.0
ULB4A,1542900602116,364264.0
ULB4A,1542904200801,364201.0
ULB4A,1542907804088,364253.0
ULB4A,1542911397285,364169.0
ULB4A,1542914998247,364082.0
ULB4A,1542918604564,364043.0
ULB4A,1542922198984,364122.0
ULB4A,1542925803009,364125.0
ULB4A,1542929403337,364109.0
ULB4A,1542932999396,364175.0
ULB4A,1542936599211,364074.0
ULB4A,1542940198590,364086.0
ULB4A,1542943804985,364017.0
ULB4A,1542947397939,364031.0
ULB4A,1542950999383,363983.0
ULB4A,1542954601931,364026.0
ULB4A,1542958196648,364025.0
ULB4A,1542961800659,364032.0
ULB4A,1542965397783,364111.0
ULB4A,1542968999261,364131.0
ULB4A,1542972604517,364094.0
ULB4A,1542976195463,364097.0
ULB4A,1542979797507,364150.0
ULB4A,1542983401945,364062.0
ULB4A,1542986998599,364007.0
ULB4A,1542990595159,363973.0
ULB4A,1542994200714,363955.0
ULB4A,1542997799205,363863.0
ULB4A,1543001400337,363921.0
ULB4A,1543004999498,363931.0
ULB4A,1543008602073,363935.0
ULB4A,1543012204813,363956.0
ULB4A,1543015797741,364022.0
ULB4A,1543019399867,363984.0
ULB4A,1543023004354,363939.0
ULB4A,1543026597498,363869.0
ULB4A,1543030204883,363864.0
ULB4A,1543033801367,363916.0
ULB4A,1543037395928,363854.0
ULB4A,1543041000954,363907.0
ULB4A,1543044595681,363880.0
ULB4A,1543048202010,363898.0
ULB4A,1543051795151,363799.0
ULB4A,1543055395596,363772.0
ULB4A,1543059002659,363698.0
ULB4A,1543062596631,363695.0
ULB4A,1543066197087,363682.0
ULB4A,1543069799618,363761.0
ULB4A,1543073396841,363855.0
ULB4A,1543077003791,363842.0
ULB4A,1543080595087,363806.0
ULB4A,1543084197999,363828.0
ULB4A,1543087803973,363800.0
ULB4A,1543091398118,363803.0
ULB4A,1543095000107,363824.0
ULB4A,1543098599737,363810.0
ULB4A,1543102199563,363869.0
ULB4A,1543105804930,363856.0
ULB4A,1543109401472,363822.0
ULB4A,1543113002326,363825.0
ULB4A,1543116601745,363733.0
ULB4A,1543120199789,363780.0
ULB4A,1543123800988,363751.0
ULB4A,1543127400000,363715.0
ULB4A,1543131004175,363730.0
ULB4A,1543134596752,363786.0
ULB4A,1543138203120,363734.0
ULB4A,1543141804850,363662.0
ULB4A,1543145404573,363740.0
ULB4A,1543148996168,363753.0
ULB4A,1543152603504,363840.0
ULB4A,1543156203002,363791.0
ULB4A,1543159798010,363781.0
ULB4A,1543163399155,363857.0
ULB4A,1543167000191,363856.0
ULB4A,1543170599639,363764.0
ULB4A,1543174201153,363691.0
ULB4A,1543177796017,363686.0
ULB4A,1543181396325,363626.0
ULB4A,1543185000314,363697.0
ULB4A,1543188599427,363674.0
ULB4A,1543192196276,363766.0
ULB4A,1543195801419,363779.0
ULB4A,1543199399270,363851.0
ULB4A,1543203004849,363907.0
ULB4A,1543206597746,363867.0
ULB4A,1543210203882,363942.0
ULB4A,1543213799217,364039.0
ULB4A,1543217402512,364036.0
ULB4A,1543220999184,364007.0
ULB4A,1543224596081,364089.0
ULB4A,1543228202515,364133.0
ULB4A,1543231799798,364157.0
ULB4A,1543235403174,364120.0
ULB4A,1543238999742,364077.0
ULB4A,1543242603955,364117.0
ULB4A,1543246201993,364189.0
ULB4A,1543249796975,364218.0
ULB4A,1543253401793,364253.0
ULB4A,1543256996895,364183.0
ULB4A,1543260599029,364121.0
ULB4A,1543264204599,364058.0
ULB4A,1543267804831,364130.0
ULB4A,1543271403795,364137.0
ULB4A,1543275001620,364230.0
ULB4A,1543278597405,364264.0
ULB4A,1543282200810,364219.0
ULB4A,1543285795214,364176.0
ULB4A,1543289399828,364137.0
ULB4A,1543292999169,364090.0
ULB4A,1543296599467,363995.0
ULB4A,1543300199745,363928.0
ULB4A,1543303797494,363937.0
ULB4A,1543307404708,364025.0
ULB4A,1543310997753,364106.0
ULB4A,1543314597681,364107.0
ULB4A,1543318200427,364149.0
ULB4A,1543321797884,364230.0
ULB4A,1543325399201,364170.0
ULB4A,1543328996082,364197.0
ULB4A,1543332601431,364213.0
ULB4A,1543336202143,364264.0
ULB4A,1543339800574,364257.0
ULB4A,1543343403004,364264.0
ULB4A,1543346998560,364206.0
ULB4A,1543350602613,364237.0
ULB4A,1543354195759,364170.0
ULB4A,1543357796551,364206.0
ULB4A,1543361399405,364264.0
ULB4A,1543365001336,364209.0
ULB4A,1543368598534,364258.0
ULB4A,1543372204032,364168.0
ULB4A,1543375797945,364104.0
ULB4A,1543379397557,364131.0
ULB4A,1543382997364,364216.0
ULB4A,1543386603363,364264.0
ULB4A,1543390203887,364264.0
ULB4A,1543393804378,364264.0
ULB4A,1543397400976,364264.0
ULB4A,1543401004785,364246.0
ULB4A,1543404601277,364206.0
ULB4A,1543408196471,364186.0
ULB4A,1543411796959,364258.0
ULB4A,1543415395961,364264.0
ULB4A,1543418996818,364202.0
ULB4A,1543422602446,364134.0
ULB4A,1543426196827,364148.0
ULB4A,1543429803440,364163.0
ULB4A,1543433401378,364262.0
ULB4A,1543436999573,364165.0
ULB4A,1543440598334,364222.0
ULB4A,1543444198667,364264.0
ULB4A,1543447796687,364264.0
ULB4A,1543451396721,364264.0
ULB4A,1543454998661,364186.0
ULB4A,1543458602081,364231.0
ULB4A,1543462196335,364264.0
ULB4A,1543465805018,364221.0
ULB4A,1543469399311,364167.0
ULB4A,1543472995083,364241.0
ULB4A,1543476595562,364161.0
ULB4A,1543480199323,364077.0
ULB4A,1543483799581,364072.0
ULB4A,1543487399221,364022.0
ULB4A,1543491004666,363952.0
ULB4A,1543494603408,363904.0
ULB4A,1543498199345,363803.0
ULB4A,1543501802060,363753.0
ULB4A,1543505404779,363675.0
ULB4A,1543508999048,363580.0
ULB4A,1543512595729,363666.0
ULB4A,1543516200688,363700.0
ULB4A,1543519796538,363798.0
ULB4A,1543523402035,363805.0
ULB4A,1543527001699,363889.0
ULB4A,1543530602801,363864.0
ULB4A,1543534196392,363813.0
ULB4A,1543537804834,363817.0
ULB4A,1543541398032,363843.0
ULB4A,1543545003059,363912.0
ULB4A,1543548597014,363982.0
ULB4A,1543552195499,364064.0
ULB4A,1543555798307,364001.0
ULB4A,1543559398332,363960.0
ULB4A,1543562999704,363967.0
ULB4A,1543566598404,363914.0
ULB4A,1543570204424,363943.0
ULB4A,1543573798690,364029.0
ULB4A,1543577395523,364075.0
ULB4A,1543580998533,364053.0
ULB4A,1543584597679,364148.0
ULB4A,1543588196975,364093.0
ULB4A,1543591801952,364050.0
ULB4A,1543595404376,363999.0
ULB4A,1543599001496,364045.0
ULB4A,1543602603070,364079.0
ULB4A,1543606200185,364132.0
ULB4A,1543609795834,364187.0
ULB4A,1543613399174,364264.0
ULB4A,1543617003693,364264.0
ULB4A,1543620596040,364264.0
ULB4A,1543624198265,364264.0
ULB4A,1543627795677,364264.0
ULB4A,1543631400779,364264.0
ULB4A,1543634997709,364229.0
ULB4A,1543638596437,364137.0
ULB4A,1543642204182,364193.0
ULB4A,1543645797113,364235.0
ULB4A,1543649403511,364188.0
ULB4A,1543652997217,364152.0
ULB4A,1543656599704,364056.0
ULB4A,1543660195306,364147.0
ULB4A,1543663798263,364226.0
ULB4A,1543667399520,364233.0
ULB4A,1543670995726,364238.0
ULB4A,1543674602517,364192.0
ULB4A,1543678195713,364189.0
ULB4A,1543681801002,364137.0
ULB4A,1543685403206,364175.0
ULB4A,1543688998943,364236.0
ULB4A,1543692602444,364162.0
ULB4A,1543696204374,364162.0
ULB4A,1543699798589,364134.0
ULB4A,1543703399619,364052.0
ULB4A,1543707002943,364017.0
ULB4A,1543710596416,364061.0
ULB4A,1543714199717,364040.0
ULB4A,1543717799019,363942.0
ULB4A,1543721399812,363869.0
ULB4A,1543725001506,363868.0
ULB4A,1543728598273,363896.0
ULB4A,1543732203094,363980.0
ULB4A,1543735795751,363999.0
ULB4A,1543739399836,364005.0
ULB4A,1543743004293,364056.0
ULB4A,1543746595810,364149.0
ULB4A,1543750195109,364167.0
ULB4A,1543753797661,364238.0
ULB4A,1543757404104,364264.0
ULB4A,1543760998641,364209.0
ULB4A,1543764599774,364131.0
ULB4A,1543768204681,364219.0
ULB4A,1543771800435,364264.0
ULB4A,1543775398198,364264.0
ULB4A,1543779001685,364235.0
ULB4A,1543782598979,364264.0
ULB4A,1543786204161,364264.0
ULB4A,1543789804246,364231.0
ULB4A,1543793402957,364184.0
ULB4A,1543796995874,364250.0
ULB4A,1543800598831,364172.0
ULB4A,1543804198952,364116.0
ULB4A,1543807799963,364193.0
ULB4A,1543811402286,364182.0
ULB4A,1543814996331,364137.0
ULB4A,1543818603959,364107.0
ULB4A,1543822200888,364103.0
ULB4A,1543825803393,364044.0
ULB4A,1543829403574,364119.0
ULB4A,1543833004845,364078.0
ULB4A,1543836602525,364023.0
ULB4A,1543840197864,364106.0
ULB4A,1543843799459,364177.0
ULB4A,1543847401079,364229.0
ULB4A,1543850996630,364238.0
ULB4A,1543854597217,364193.0
ULB4A,1543858195047,364227.0
ULB4A,1543861795958,364240.0
ULB4A,1543865398882,364264.0
ULB4A,1543869002012,364262.0
ULB4A,1543872602745,364169.0
ULB4A,1543876201769,364198.0
ULB4A,1543879803407,364264.0
ULB4A,1543883399196,364264.0
ULB4A,1543887001297,364261.0
ULB4A,1543890599605,364201.0
ULB4A,1543894203328,364214.0
ULB4A,1543897796996,364125.0
ULB4A,1543901396203,364129.0
ULB4A,1543904999711,364182.0
ULB4A,1543908604553,364188.0
ULB4A,1543912201388,364209.0
ULB4A,1543915798083,364250.0
ULB4A,1543919404110,364264.0
ULB4A,1543922995486,364264.0
ULB4A,1543926597851,364264.0
ULB4A,1543930196887,364200.0
ULB4A,1543933804395,364264.0
ULB4A,1543937400249,364231.0
ULB4A,1543941004829,364155.0
ULB4A,1543944597610,364213.0
ULB4A,1543948203186,364227.0
ULB4A,1543951804051,364211.0
ULB4A,1543955398156,364194.0
ULB4A,1543959004461,364223.0
ULB4A,1543962601136,364246.0
ULB4A,1543966197015,364178.0
ULB4A,1543969797128,364188.0
ULB4A,1543973395125,364229.0
ULB4A,1543977002725,364264.0
ULB4A,1543980600692,364180.0
ULB4A,1543984196880,364176.0
ULB4A,1543987800041,364146.0
ULB4A,1543991398177,364106.0
ULB4A,1543995003433,364076.0
ULB4A,1543998600232,364144.0
ULB4A,1544002197219,364099.0
ULB4A,1544005800537,364138.0
ULB4A,1544009404569,364173.0
ULB4A,1544012999315,364122.0
ULB4A,1544016604556,364144.0
ULB4A,1544020198656,364155.0
ULB4A,1544023796822,364251.0
ULB4A,1544027398568,364264.0
ULB4A,1544030996226,364164.0
ULB4A,1544034601855,364176.0
ULB4A,1544038197175,364153.0
ULB4A,1544041800719,364086.0
ULB4A,1544045399523,363998.0
ULB4A,1544049002304,364017.0
ULB4A,1544052604532,363948.0
ULB4A,1544056200594,364012.0
ULB4A,1544059799233,364103.0
ULB4A,1544063399468,364187.0
ULB4A,1544066995334,364164.0
ULB4A,1544070599150,364130.0
ULB4A,1544074195869,364134.0
ULB4A,1544077802562,364138.0
ULB4A,1544081397337,364111.0
ULB4A,1544085003361,364118.0
ULB4A,1544088598030,364165.0
ULB4A,1544092197297,364104.0
ULB4A,1544095799035,364059.0
ULB4A,1544099396187,364133.0
ULB4A,1544102997977,364064.0
ULB4A,1544106597578,363968.0
ULB4A,1544110198412,364049.0
ULB4A,1544113800079,363985.0
ULB4A,1544117399143,364050.0
ULB4A,1544121000272,364096.0
ULB4A,1544124595086,364125.0
ULB4A,1544128201121,364186.0
ULB4A,1544131804036,364184.0
ULB4A,1544135402026,364264.0
ULB4A,1544139004740,364264.0
ULB4A,1544142604950,364201.0
ULB4A,1544146200476,364211.0
ULB4A,1544149801021,364132.0
ULB4A,1544153399301,364068.0
ULB4A,1544157001849,364021.0
ULB4A,1544160602926,364045.0
ULB4A,1544164202356,364094.0
ULB4A,1544167799527,364081.0
ULB4A,1544171398034,363990.0
ULB4A,1544175000107,364005.0
ULB4A,1544178601546,364054.0
ULB4A,1544182195558,363991.0
ULB4A,1544185804351,363931.0
ULB4A,1544189399189,363965.0
ULB4A,1544193004379,364008.0
ULB4A,1544196603740,364107.0
ULB4A,1544200204332,364022.0
ULB4A,1544203797234,364075.0
ULB4A,1544207402505,364027.0
ULB4A,1544210999112,364006.0
ULB4A,1544214598620,363920.0
ULB4A,1544218198407,363900.0
ULB4A,1544221800434,363842.0
ULB4A,1544225395145,363893.0
ULB4A,1544229000880,363881.0
ULB4A,1544232600879,363920.0
ULB4A,1544236197004,363826.0
ULB4A,1544239802289,363823.0
ULB4A,1544243403004,363757.0
ULB4A,1544247001780,363749.0
ULB4A,1544250599579,363809.0
ULB4A,1544254201140,363882.0
ULB4A,1544257795831,363832.0
ULB4A,1544261397346,363772.0
ULB4A,1544264999127,363697.0
ULB4A,1544268604744,363746.0
ULB4A,1544272197209,363742.0
ULB4A,1544275798488,363777.0
ULB4A,1544279396921,363841.0
ULB4A,1544283001124,363890.0
ULB4A,1544286595404,363942.0
ULB4A,1544290201976,363992.0
ULB4A,1544293802156,363945.0
ULB4A,1544297397027,363975.0
ULB4A,1544301004477,363934.0
ULB4A,1544304603908,363918.0
ULB4A,1544308201245,363906.0
ULB4A,1544311798272,363942.0
ULB4A,1544315401546,364037.0
ULB4A,1544318995201,364027.0
ULB4A,1544322600172,364074.0
ULB4A,1544326198073,364055.0
ULB4A,1544329799491,364155.0
ULB4A,1544333403813,364252.0
ULB4A,1544336995115,364186.0
ULB4A,1544340598286,364215.0
ULB4A,1544344202587,364164.0
ULB4A,1544347804026,364096.0
ULB4A,1544351399260,364045.0
ULB4A,1544355004353,364091.0
ULB4A,1544358595958,364118.0
ULB4A,1544362203770,364085.0
ULB4A,1544365798421,364184.0
ULB4A,1544369403173,364262.0
ULB4A,1544373004409,364264.0
ULB4A,1544376596178,364264.0
ULB4A,1544380202605,364217.0
ULB4A,1544383798528,364183.0
ULB4A,1544387404143,364139.0
ULB4A,1544390999217,364219.0
ULB4A,1544394596909,364254.0
ULB4A,1544398204026,364264.0
ULB4A,1544401801632,364170.0
ULB4A,1544405401640,364096.0
ULB4A,1544408999442,364047.0
ULB4A,1544412599069,364135.0
ULB4A,1544416198858,364109.0
ULB4A,1544419800074,364015.0
ULB4A,1544423396487,364111.0
ULB4A,1544427001621,364017.0
ULB4A,1544430599785,364019.0
ULB4A,1544434201563,364095.0
ULB4A,1544437796797,364159.0
ULB4A,1544441400368,364223.0
ULB4A,1544444997968,364184.0
ULB4A,1544448601538,364195.0
ULB4A,1544452195956,364244.0
ULB4A,1544455804525,364161.0
ULB4A,1544459397360,364101.0
ULB4A,1544462995704,364009.0
ULB4A,1544466595664,364066.0
ULB4A,1544470199582,363997.0
ULB4A,1544473800925,363934.0
ULB4A,1544477400519,363898.0
ULB4A,1544481004327,363821.0
ULB4A,1544484595094,363829.0
ULB4A,1544488201214,363886.0
ULB4A,1544491802782,363842.0
ULB4A,1544495400511,363877.0
ULB4A,1544499004973,363915.0
ULB4A,1544502595947,363907.0
ULB4A,1544506203082,363948.0
ULB4A,1544509798946,363915.0
ULB4A,1544513396793,363968.0
ULB4A,1544517000638,363940.0
ULB4A,1544520603196,364034.0
ULB4A,1544524201228,363945.0
ULB4A,1544527801093,363933.0
ULB4A,1544531397732,363977.0
ULB4A,1544535004839,364012.0
ULB4A,1544538604297,364096.0
ULB4A,1544542198652,363995.0
ULB4A,1544545803755,363954.0
ULB4A,1544549397616,363971.0
ULB4A,1544552995417,364024.0
ULB4A,1544556596700,364047.0
ULB4A,1544560200755,363960.0
ULB4A,1544563802590,363981.0
ULB4A,1544567404125,363908.0
ULB4A,1544570996724,363975.0
ULB4A,1544574598399,363933.0
ULB4A,1544578201657,363987.0
ULB4A,1544581804536,364083.0
ULB4A,1544585404920,364141.0
ULB4A,1544588997507,364187.0
ULB4A,1544592599068,364106.0
ULB4A,1544596201153,364030.0
ULB4A,1544599795609,364034.0
ULB4A,1544603403365,364076.0
ULB4A,1544606995733,364047.0
ULB4A,1544610604685,364079.0
ULB4A,1544614199279,363992.0
ULB4A,1544617802765,364053.0
ULB4A,1544621397265,364046.0
ULB4A,1544624997095,364143.0
ULB4A,1544628600626,364219.0
ULB4A,1544632203047,364139.0
ULB4A,1544635804834,364084.0
ULB4A,1544639395610,364152.0
ULB4A,1544642996554,364228.0
ULB4A,1544646599933,364210.0
ULB4A,1544650203563,364242.0
ULB4A,1544653799187,364264.0
ULB4A,1544657395795,364262.0
ULB4A,1544660998335,364220.0
ULB4A,1544664598080,364264.0
ULB4A,1544668198529,364264.0
ULB4A,1544671798365,364246.0
ULB4A,1544675397629,364254.0
ULB4A,1544679003241,364264.0
ULB4A,1544682600214,364168.0
ULB4A,1544686198165,364173.0
ULB4A,1544689801577,364164.0
ULB4A,1544693398509,364214.0
ULB4A,1544697004533,364205.0
ULB4A,1544700595375,364127.0
ULB4A,1544704201687,364105.0
ULB4A,1544707798600,364052.0
ULB4A,1544711402099,364137.0
ULB4A,1544714999773,364122.0
ULB4A,1544718602174,364051.0
ULB4A,1544722201831,364030.0
ULB4A,1544725803528,364061.0
ULB4A,1544729401095,364073.0
ULB4A,1544732996230,363986.0
ULB4A,1544736598872,364073.0
ULB4A,1544740202796,363997.0
ULB4A,1544743795283,363941.0
ULB4A,1544747395849,363891.0
ULB4A,1544750998316,363818.0
ULB4A,1544754601516,363736.0
ULB4A,1544758201355,363760.0
ULB4A,1544761802548,363826.0
ULB4A,1544765395479,363918.0
ULB4A,1544769002709,363920.0
ULB4A,1544772603820,363876.0
ULB4A,1544776201509,363797.0
ULB4A,1544779795660,363737.0
ULB4A,1544783402725,363765.0
ULB4A,1544787002627,363841.0
ULB4A,1544790600460,363796.0
ULB4A,1544794202003,363749.0
ULB4A,1544797795983,363831.0
ULB4A,1544801396623,363875.0
ULB4A,1544805000684,363868.0
ULB4A,1544808603284,363959.0
ULB4A,1544812201605,364015.0
ULB4A,1544815801523,364027.0
ULB4A,1544819398121,363974.0
ULB4A,1544823002507,364035.0
ULB4A,1544826602829,363997.0
ULB4A,1544830195459,364050.0
ULB4A,1544833801529,364148.0
ULB4A,1544837396932,364220.0
ULB4A,1544840995742,364201.0
ULB4A,1544844598867,364219.0
ULB4A,1544848197588,364157.0
ULB4A,1544851800061,364239.0
ULB4A,1544855402882,364163.0
ULB4A,1544859002397,364231.0
ULB4A,1544862595942,364211.0
ULB4A,1544866204889,364264.0
ULB4A,1544869801123,364246.0
ULB4A,1544873401530,364216.0
ULB4A,1544876996777,364203.0
ULB4A,1544880602025,364264.0
ULB4A,1544884201087,364171.0
ULB4A,1544887802454,364102.0
ULB4A,1544891401981,364117.0
ULB4A,1544895000978,364063.0
ULB4A,1544898596134,364146.0
ULB4A,1544902198878,364127.0
ULB4A,1544905803282,364120.0
ULB4A,1544909403052,364219.0
ULB4A,1544912999720,364256.0
ULB4A,1544916603138,364158.0
ULB4A,1544920197242,364069.0
ULB4A,1544923802895,364118.0
ULB4A,1544927402282,364076.0
ULB4A,1544931001701,364026.0
ULB4A,1544934596041,363955.0
ULB4A,1544938198533,363898.0
ULB4A,1544941800911,363824.0
ULB4A,1544945401545,363759.0
ULB4A,1544949004486,363848.0
ULB4A,1544952599580,363787.0
ULB4A,1544956196881,363767.0
ULB4A,1544959800645,363815.0
ULB4A,1544963399577,363865.0
ULB4A,1544966995986,363807.0
ULB4A,1544970599575,363889.0
ULB4A,1544974200513,363794.0
ULB4A,1544977799852,363694.0
ULB4A,1544981396585,363699.0
ULB4A,1544984996830,363689.0
ULB4A,1544988604406,363764.0
ULB4A,1544992204828,363825.0
ULB4A,1544995797987,363799.0
ULB4A,1544999397410,363712.0
ULB4A,1545002996865,363669.0
ULB4A,1545006595687,363674.0
ULB4A,1545010199780,363693.0
ULB4A,1545013803123,363716.0
ULB4A,1545017403950,363624.0
ULB4A,1545020995966,363622.0
ULB4A,1545024600436,363576.0
ULB4A,1545028196162,363582.0
ULB4A,1545031799806,363594.0
ULB4A,1545035402978,363549.0
ULB4A,1545039002780,363646.0
ULB4A,1545042596098,363607.0
ULB4A,1545046195923,363702.0
ULB4A,1545049795255,363792.0
ULB4A,1545053395366,363773.0
ULB4A,1545056999818,363808.0
ULB4A,1545060601744,363712.0
ULB4A,1545064199957,363709.0
ULB4A,1545067797311,363624.0
ULB4A,1545071397616,363640.0
ULB4A,1545074999308,363700.0
ULB4A,1545078604612,363729.0
ULB4A,1545082197286,363796.0
ULB4A,1545085796685,363880.0
ULB4A,1545089399278,363969.0
ULB4A,1545092997213,364039.0
ULB4A,1545096595724,363999.0
ULB4A,1545100204556,363944.0
ULB4A,1545103800687,363890.0
ULB4A,1545107401246,363963.0
ULB4A,1545111001651,363997.0
ULB4A,1545114601084,364068.0
ULB4A,1545118202221,364142.0
ULB4A,1545121804292,364216.0
ULB4A,1545125401169,364172.0
ULB4A,1545129003435,364171.0
ULB4A,1545132596579,364198.0
ULB4A,1545136199632,364255.0
ULB4A,1545139803324,364224.0
ULB4A,1545143400027,364264.0
ULB4A,1545147002131,364264.0
ULB4A,1545150602403,364180.0
ULB4A,1545154203629,364152.0
ULB4A,1545157804351,364135.0
ULB4A,1545161404367,364110.0
ULB4A,1545165002932,364172.0
ULB4A,1545168600958,364099.0
ULB4A,1545172203837,364067.0
ULB4A,1545175803673,363980.0
ULB4A,1545179401943,363883.0
ULB4A,1545183001166,363930.0
ULB4A,1545186601162,363881.0
ULB4A,1545190199784,363788.0
ULB4A,1545193802133,363708.0
ULB4A,1545197401609,363685.0
ULB4A,1545200996834,363658.0
ULB4A,1545204599956,363636.0
ULB4A,1545208199608,363696.0
ULB4A,1545211802626,363598.0
ULB4A,1545215397951,363620.0
ULB4A,1545219004869,363540.0
ULB4A,1545222604333,363529.0
ULB4A,1545226201419,363505.0
ULB4A,1545229803615,363589.0
ULB4A,1545233395642,363490.0
ULB4A,1545236998114,363562.0
ULB4A,1545240604745,363496.0
ULB4A,1545244204256,363396.0
ULB4A,1545247800766,363346.0
ULB4A,1545251396744,363426.0
ULB4A,1545255003923,363503.0
ULB4A,1545258603173,363461.0
ULB4A,1545262195938,363364.0
ULB4A,1545265799823,363314.0
ULB4A,1545269399137,363413.0
ULB4A,1545273001648,363349.0
ULB4A,1545276596760,363352.0
ULB4A,1545280195886,363435.0
ULB4A,1545283798238,363473.0
ULB4A,1545287399303,363486.0
ULB4A,1545290995315,363496.0
ULB4A,1545294598986,363460.0
ULB4A,1545298195703,363484.0
ULB4A,1545301801617,363452.0
ULB4A,1545305396105,363505.0
ULB4A,1545308999436,363576.0
ULB4A,1545312596988,363635.0
ULB4A,1545316201368,363673.0
ULB4A,1545319795090,363763.0
ULB4A,1545323402221,363823.0
ULB4A,1545327000588,363883.0
ULB4A,1545330599046,363793.0
ULB4A,1545334203609,363761.0
ULB4A,1545337800251,363669.0
ULB4A,1545341403194,363759.0
ULB4A,1545344998122,363684.0
ULB4A,1545348603528,363761.0
ULB4A,1545352202803,363800.0
ULB4A,1545355799724,363860.0
ULB4A,1545359397521,363882.0
ULB4A,1545362996653,363961.0
ULB4A,1545366599286,364030.0
ULB4A,1545370198072,364084.0
ULB4A,1545373798191,363985.0
ULB4A,1545377396953,363963.0
ULB4A,1545381000086,363953.0
ULB4A,1545384604551,363904.0
ULB4A,1545388200949,364000.0
ULB4A,1545391803629,364010.0
ULB4A,1545395395671,363972.0
ULB4A,1545398998900,364005.0
ULB4A,1545402596874,364098.0
ULB4A,1545406202397,364079.0
ULB4A,1545409795232,364015.0
ULB4A,1545413399804,363985.0
ULB4A,1545417004965,364037.0
ULB4A,1545420604911,363957.0
ULB4A,1545424201785,363972.0
ULB4A,1545427796125,363911.0
ULB4A,1545431396574,363865.0
ULB4A,1545435002603,363812.0
ULB4A,1545438600860,363728.0
ULB4A,1545442203528,363637.0
ULB4A,1545445802401,363665.0
ULB4A,1545449397017,363741.0
ULB4A,1545453002615,363809.0
ULB4A,1545456595168,363848.0
ULB4A,1545460203293,363943.0
ULB4A,1545463804391,363859.0
ULB4A,1545467403142,363813.0
ULB4A,1545470999434,363788.0
ULB4A,1545474595567,363758.0
ULB4A,1545478197602,363726.0
ULB4A,1545481804202,363760.0
ULB4A,1545485403229,363703.0
ULB4A,1545488996441,363774.0
ULB4A,1545492599546,363789.0
ULB4A,1545496202006,363812.0
ULB4A,1545499795313,363890.0
ULB4A,1545503401535,363816.0
ULB4A,1545506999280,363858.0
ULB4A,1545510603502,363782.0
ULB4A,1545514202706,363714.0
ULB4A,1545517799045,363764.0
ULB4A,1545521403033,363827.0
ULB4A,1545524997112,363802.0
ULB4A,1545528601212,363866.0
ULB4A,1545532202884,363792.0
ULB4A,1545535799867,363705.0
ULB4A,1545539403308,363734.0
ULB4A,1545542995245,363669.0
ULB4A,1545546600004,363657.0
ULB4A,1545550198220,363664.0
ULB4A,1545553796374,363705.0
ULB4A,1545557396440,363739.0
ULB4A,1545561000289,363697.0
ULB4A,1545564604391,363762.0
ULB4A,1545568200176,363852.0
ULB4A,1545571802574,363767.0
ULB4A,1545575399192,363678.0
ULB4A,1545578999768,363637.0
ULB4A,1545582598842,363590.0
ULB4A,1545586203076,363507.0
ULB4A,1545589799448,363546.0
ULB4A,1545593402764,363524.0
ULB4A,1545596998932,363484.0
ULB4A,1545600604529,363389.0
ULB4A,1545604199827,363449.0
ULB4A,1545607800020,363516.0
ULB4A,1545611398112,363530.0
ULB4A,1545615002015,363491.0
ULB4A,1545618595868,363455.0
ULB4A,1545622198513,363465.0
ULB4A,1545625797171,363541.0
ULB4A,1545629403095,363467.0
ULB4A,1545633004248,363445.0
ULB4A,1545636604086,363533.0
ULB4A,1545640204466,363594.0
ULB4A,1545643797399,363617.0
ULB4A,1545647401935,363670.0
ULB4A,1545650996043,363737.0
ULB4A,1545654599750,363647.0
ULB4A,1545658201965,363580.0
ULB4A,1545661803114,363612.0
ULB4A,1545665402342,363630.0
ULB4A,1545669001609,363576.0
ULB4A,1545672596746,363579.0
ULB4A,1545676196900,363544.0
ULB4A,1545679804498,363604.0
ULB4A,1545683395544,363701.0
ULB4A,1545686995106,363639.0
ULB4A,1545690595867,363728.0
ULB4A,1545694200761,363663.0
ULB4A,1545697802881,363648.0
ULB4A,1545701400280,363668.0
ULB4A,1545704996285,363680.0
ULB4A,1545708600571,363626.0
ULB4A,1545712201381,363651.0
ULB4A,1545715800004,363588.0
ULB4A,1545719404301,363573.0
ULB4A,1545723004343,363656.0
ULB4A,1545726599077,363736.0
ULB4A,1545730201679,363683.0
ULB4A,1545733804797,363616.0
ULB4A,1545737402366,363603.0
ULB4A,1545740999686,363539.0
ULB4A,1545744599251,363638.0
ULB4A,1545748197139,363647.0
ULB4A,1545751802229,363735.0
ULB4A,1545755403518,363825.0
ULB4A,1545759001933,363860.0
ULB4A,1545762599191,363917.0
ULB4A,1545766197921,363871.0
ULB4A,1545769801189,363903.0
ULB4A,1545773396908,363830.0
ULB4A,1545777002928,363733.0
ULB4A,1545780604170,363773.0
ULB4A,1545784201303,363828.0
ULB4A,1545787800096,363750.0
ULB4A,1545791404412,363682.0
ULB4A,1545795002313,363699.0
ULB4A,1545798599278,363756.0
ULB4A,1545802196205,363755.0
ULB4A,1545805795446,363684.0
ULB4A,1545809403484,363677.0
ULB4A,1545812999115,363600.0
ULB4A,1545816596456,363669.0
ULB4A,1545820201295,363702.0
ULB4A,1545823796783,363628.0
ULB4A,1545827396331,363687.0
ULB4A,1545831004823,363716.0
ULB4A,1545834602519,363719.0
ULB4A,1545838200563,363665.0
ULB4A,1545841803395,363570.0
ULB4A,1545845396434,363574.0
ULB4A,1545849000835,363502.0
ULB4A,1545852604776,363453.0
ULB4A,1545856195175,363480.0
ULB4A,1545859798950,363477.0
ULB4A,1545863403575,363412.0
ULB4A,1545867003076,363362.0
ULB4A,1545870600764,363365.0
ULB4A,1545874195278,363304.0
ULB4A,1545877796890,363330.0
ULB4A,1545881397483,363385.0
ULB4A,1545885001211,363402.0
ULB4A,1545888603401,363410.0
ULB4A,1545892202039,363502.0
ULB4A,1545895796870,363404.0
ULB4A,1545899395455,363342.0
ULB4A,1545903000841,363372.0
ULB4A,1545906599015,363343.0
ULB4A,1545910199246,363429.0
ULB4A,1545913801251,363423.0
ULB4A,1545917401488,363487.0
ULB4A,1545920998922,363478.0
ULB4A,1545924600128,363460.0
ULB4A,1545928202438,363389.0
ULB4A,1545931802819,363298.0
ULB4A,1545935404253,363212.0
ULB4A,1545939002505,363183.0
ULB4A,1545942595480,363255.0
ULB4A,1545946201976,363232.0
ULB4A,1545949803762,363314.0
ULB4A,1545953400248,363282.0
ULB4A,1545956997292,363310.0
ULB4A,1545960600265,363251.0
ULB4A,1545964203293,363291.0
ULB4A,1545967797440,363273.0
ULB4A,1545971400294,363360.0
ULB4A,1545974996096,363432.0
ULB4A,1545978596370,363333.0
ULB4A,1545982202180,363251.0
ULB4A,1545985797772,363232.0
ULB4A,1545989403930,363288.0
ULB4A,1545992995306,363330.0
ULB4A,1545996600395,363284.0
ULB4A,1546000204151,363382.0
ULB4A,1546003802678,363377.0
ULB4A,1546007397501,363323.0
ULB4A,1546011001644,363253.0
ULB4A,1546014595504,363275.0
ULB4A,1546018195189,363203.0
ULB4A,1546021800567,363272.0
ULB4A,1546025397105,363310.0
ULB4A,1546029004805,363348.0
ULB4A,1546032597962,363373.0
ULB4A,1546036198309,363359.0
ULB4A,1546039799877,363335.0
ULB4A,1546043397283,363391.0
ULB4A,1546047004505,363297.0
ULB4A,1546050596870,363202.0
ULB4A,1546054196759,363168.0
ULB4A,1546057796491,363180.0
ULB4A,1546061399289,363230.0
ULB4A,1546064996524,363249.0
ULB4A,1546068602598,363273.0
ULB4A,1546072197167,363220.0
ULB4A,1546075796675,363307.0
ULB4A,1546079397978,363335.0
ULB4A,1546082998293,363244.0
ULB4A,1546086599251,363203.0
ULB4A,1546090196337,363133.0
ULB4A,1546093803862,363063.0
ULB4A,1546097404230,363004.0
ULB4A,1546100996895,363074.0
ULB4A,1546104599394,363137.0
ULB4A,1546108200166,363109.0
ULB4A,1546111800384,363117.0
ULB4A,1546115395145,363213.0
ULB4A,1546119002690,363144.0
ULB4A,1546122599012,363076.0
ULB4A,1546126201067,363176.0
ULB4A,1546129804124,363103.0
ULB4A,1546133400677,363195.0
ULB4A,1546136995979,363184.0
ULB4A,1546140600272,363119.0
ULB4A,1546144198997,363048.0
ULB4A,1546147799691,363046.0
ULB4A,1546151397017,362990.0
ULB4A,1546154997211,363043.0
ULB4A,1546158604195,362957.0
ULB4A,1546162201482,363000.0
ULB4A,1546165800268,362903.0
ULB4A,1546169404570,362814.0
ULB4A,1546172996740,362800.0
ULB4A,1546176596392,362897.0
ULB4A,1546180201207,362809.0
ULB4A,1546183802302,362752.0
ULB4A,1546187398492,362708.0
ULB4A,1546190999151,362708.0
